8.279811
5.049657
4.802576
8.583506
7.998561
7.346636
5.252960
6.382885
9.926054
7.475572
7.703483
7.368700
2.518574
7.406597
3.861680
7.094167
5.852512
4.436690
6.590490
5.117278
5.874108
5.358439
5.888800
6.469801
5.597711
6.070068
5.705857
5.128279
6.705102
4.183383
5.525914
5.829824
7.720298
5.632306
4.530255
4.692260
4.666866
3.309491
4.986344
4.509631
5.857142
4.493942
5.208307
4.901090
4.459309
3.657089
4.710269
2.238000
3.801442
2.903313
4.706750
2.008286
3.360341
2.151474
3.862727
3.527765
3.018987
2.834670
4.310864
4.715853
3.335479
4.434641
3.141672
3.357204
3.747104
2.045720
3.877579
3.676024
3.341168
1.710267
5.462277
2.604508
2.422953
1.637030
0.736991
2.079314
2.827675
5.020623
2.798578
3.285884
2.450201
3.955244
3.592558
3.067078
3.173750
2.950585
2.604933
1.364151
5.062200
4.071548
4.939501
3.372496
3.464690
4.232056
3.183014
3.056206
3.078283
2.789322
3.052774
2.738135
4.484455
2.829995
2.793229
4.782202
2.539025
3.567483
2.377310
4.425333
4.577341
4.050042
3.558976
3.574572
2.938333
3.262334
3.427131
2.803811
4.013667
4.397787
4.517972
4.530664
3.683306
3.566506
4.137225
2.560794
4.115109
4.921181
2.377135
4.964935
4.328206
2.674288
2.782418
3.157828
2.386320
3.775024
2.878239
2.129775
4.373896
6.231815
2.564510
2.744697
4.525768
3.979755
4.368048
2.827949
2.585543
3.191344
4.333861
4.915425
4.522421
3.417381
4.031336
2.668031
5.078705
6.436611
3.756799
2.539846
2.679943
3.669631
3.604226
3.558913
2.901797
4.175505
3.530392
3.846010
4.087100
4.465870
3.611651
4.182702
3.188365
4.430465
6.390966
6.275527
4.404626
2.352641
3.682548
4.954994
5.756675
3.545441
5.134708
5.708865
3.990677
4.030041
6.017908
4.243791
7.126881
4.307294
4.399847
6.178326
5.687653
3.688598
4.362220
3.721329
3.155518
4.671098
5.665022
3.308699
6.019488
3.579689
3.844392
4.065982
5.121267
4.736496
3.507814
3.418586
3.584340
3.933531
3.470870
3.901096
3.279807
3.224687
3.388124
3.186439
3.492990
3.356219
3.362204
2.760448
3.820992
2.702728
3.725618
3.414767
3.324469
3.675836
3.680906
3.997352
5.405054
4.061705
2.825719
3.895175
4.166554
4.083402
5.972870
4.433762
4.965135
4.521396
5.618784
7.014827
5.895510
2.452287
3.729017
6.226955
4.578172
4.813553
3.974851
3.681499
5.128635
4.024066
3.944426
3.534504
3.650296
4.228970
4.713140
4.632162
4.597683
5.360862
3.946589
6.218269
3.103938
6.759579
4.440012
4.949730
4.135851
5.370002
3.861281
5.441612
5.191847
6.174569
5.611466
4.445188
5.587516
2.128689
3.738014
4.273950
3.389537
3.683000
4.111347
4.535458
3.831948
3.646731
5.386887
3.432653
4.401771
3.172514
3.668681
3.665202
3.273497
5.298069
5.957946
3.845962
3.883682
3.559018
3.813901
2.910835
3.556055
4.190622
2.968706
3.104501
2.647388
3.923927
2.543572
4.695091
4.403466
2.534680
3.475776
2.583954
3.320773
5.116725
5.527613
4.827033
5.986828
3.806805
4.040442
3.827695
3.118650
3.065596
3.919267
3.803521
3.476386
4.241839
3.591983
3.691912
2.311212
3.390541
1.958371
3.668168
2.377337
4.313440
3.123016
4.334341
3.951645
1.740426
3.710078
3.278508
2.855185
2.465158
5.089228
2.263566
4.877744
2.643816
2.865324
2.274655
2.214801
4.024183
4.704088
3.451051
3.826370
4.268560
4.605445
4.253936
4.067527
6.712031
4.708969
4.476048
3.900824
3.865120
4.410591
4.064669
4.752537
4.948215
2.834293
2.958858
5.320866
6.664241
5.586805
4.134798
5.525553
4.465457
4.386046
4.310217
4.090515
5.075345
5.703359
3.072347
3.595045
3.112023
3.447985
3.797820
4.611201
4.566582
3.615160
5.683899
5.345280
4.641927
5.417493
4.781608
3.145537
4.368828
3.902470
3.926365
5.778916
4.542507
4.561041
2.739186
2.781709
3.112534
3.000594
4.830548
4.051000
4.291905
3.634465
3.944734
4.500656
3.771216
3.715078
3.156074
3.832050
4.296909
3.173551
3.137202
2.981465
2.997758
2.873571
3.244742
2.308557
2.766606
3.603900
3.216925
1.807246
2.346822
3.022504
3.113714
2.019331
2.166881
3.613373
2.277161
2.632516
3.003320
2.713121
3.002543
2.859800
3.573897
2.964263
3.003917
5.073723
4.398001
3.381452
3.934774
4.836820
4.475403
4.641612
3.812797
3.356138
3.769619
3.164198
2.778131
3.162919
2.522011
3.151379
2.846681
3.465146
3.118700
3.782919
3.900091
4.284952
4.192258
3.552451
2.188834
2.708959
3.993318
3.596010
2.725983
3.512641
3.614525
3.435732
3.869815
4.283874
3.444873
2.817044
3.770821
3.792500
3.550621
3.750515
4.970849
4.631988
3.818305
4.436168
3.867998
3.905904
3.522881
4.428329
3.876217
3.419235
4.871391
2.823673
3.373672
5.091180
4.167751
3.013606
3.283962
4.421185
4.032977
3.166778
5.093609
5.730881
4.759583
4.662147
4.681650
4.737602
4.967663
4.374745
4.926110
5.879489
4.945473
5.973911
4.600825
4.682070
5.958562
6.873582
5.643929
5.334933
6.896049
7.180023
5.017412
6.356942
6.276588
4.444138
3.887265
5.950518
4.693449
5.091402
7.057643
5.524716
5.493917
5.624650
6.070856
5.945439
4.424999
5.830541
6.688752
6.091040
5.141276
6.080835
7.371477
5.360775
3.911498
4.721851
5.653196
4.661827
5.355293
5.696316
5.539888
5.083388
4.252165
3.951205
4.834533
4.974645
4.111111
3.762702
5.115402
5.973246
4.359617
4.022402
4.648240
3.102017
3.395034
3.140943
4.385309
3.535260
5.046928
4.827353
3.919624
5.200317
3.616211
3.679777
4.953310
2.836102
4.669707
5.942143
5.900162
4.389338
4.910922
4.984344
4.987024
4.456754
3.911441
4.145302
4.823658
3.993965
4.910644
3.501299
5.438655
6.310948
8.797712
3.691086
4.643617
5.865606
5.005158
3.643524
2.711801
6.302107
5.246062
6.271251
4.331017
5.005513
4.555423
4.006799
3.961423
4.072336
2.477111
6.199522
3.898704
4.882761
3.842020
4.618981
3.965623
4.683392
2.374081
6.230316
4.026801
4.255829
3.330669
3.938013
2.603021
4.066949
3.028884
3.646255
3.245152
3.019044
4.082679
3.639815
2.471294
5.264621
5.247440
3.632692
4.375992
4.316830
5.263013
4.849049
4.057353
3.972137
4.780882
5.909639
6.077377
3.766179
5.656168
5.346636
6.166491
4.853544
2.492638
5.830956
5.893686
4.767526
5.457191
5.116619
4.579789
5.472331
5.093810
6.832798
6.074821
6.265655
5.554049
4.478682
4.103185
4.572984
4.920926
4.097950
3.136628
5.546755
4.003024
5.372749
3.449987
5.208626
4.611450
4.524638
6.021786
5.917719
5.846546
3.503480
6.211779
5.067598
4.580117
5.186972
6.982837
4.851992
6.478201
5.740283
5.246035
4.223769
4.975530
4.605674
7.031292
6.757103
7.143310
3.992844
4.229735
7.368374
4.879116
5.946399
5.996348
4.314531
3.547833
5.210189
5.929356
7.623168
6.955567
7.762512
7.972886
6.687623
6.676189
6.040674
6.097828
5.546351
6.007591
7.085328
6.081840
6.089661
6.663295
6.492854
5.392309
5.067576
4.789266
5.200070
5.281040
4.459328
4.620508
4.670363
3.681152
3.879612
3.136615
3.422106
5.519854
4.429286
4.587119
5.004670
5.070766
6.451955
5.877825
5.651107
3.747553
4.936575
4.293830
4.779498
6.410369
3.906806
5.449966
6.472656
4.346452
3.733692
5.553587
5.077278
4.159384
3.717745
5.149913
5.500740
4.903152
4.465336
4.214279
3.576940
4.102909
1.846382
4.967814
3.080800
4.635522
3.827989
3.491682
2.867774
2.860701
4.493486
2.623410
3.694528
3.809018
2.403399
2.954034
4.761762
3.745254
2.985520
4.025895
4.345083
3.885715
5.241258
3.147596
2.766921
5.598392
3.748937
4.464931
2.768769
3.835263
4.766154
4.775672
5.604041
3.409675
4.163366
2.682210
3.717337
4.534151
3.913450
3.976479
3.232135
4.074954
4.720299
4.844799
4.940791
5.112647
3.534365
3.640518
3.417565
3.519605
8.038553
5.762484
4.617401
2.875326
4.824221
5.188055
6.620806
6.455317
3.903389
3.954868
3.017571
3.096966
2.466253
4.694600
2.529722
1.698968
3.440418
3.087460
2.632288
3.250235
2.823420
2.421286
4.076976
5.840298
2.523342
2.126404
5.847669
1.505525
4.696749
5.184659
2.328143
3.566084
6.191171
5.925686
6.104863
3.411583
4.231209
3.768057
4.271909
3.303705
2.747766
4.228898
4.820906
4.960256
3.931736
5.087088
3.131989
4.030137
4.229203
4.734343
4.838011
4.253884
3.942476
4.101207
3.820131
4.902030
3.234013
3.726257
4.839448
5.987512
5.058781
4.623806
4.929670
5.483991
5.592640
5.403467
6.220011
5.063290
5.152957
4.499893
4.366202
5.878224
4.159267
3.915413
5.799414
5.298309
5.084329
3.441764
4.619972
7.108970
4.893759
5.209569
5.853006
5.773978
6.714263
5.754986
4.925578
5.809508
6.761271
5.072301
4.757552
4.537372
3.371671
4.657455
3.565718
4.011907
4.952531
5.431119
4.232633
4.331001
4.860148
5.092027
4.388648
4.663569
3.315523
3.188694
4.454079
4.402777
4.808530
5.021445
3.886811
5.520525
6.328998
5.721915
6.204902
6.185052
4.126272
4.305844
5.151711
5.000828
4.298767
3.876987
4.122759
2.801810
4.241617
1.885382
4.294706
6.485815
6.154552
5.585908
5.963941
4.052907
6.678088
4.193692
8.488677
6.902901
6.440517
5.087805
3.748232
4.551111
4.668705
5.753143
4.659209
5.296208
6.597737
5.159669
4.793656
3.824934
5.973459
4.928163
5.657579
4.317066
5.197052
4.949634
5.188847
3.839916
3.472563
3.238910
3.224678
4.173823
4.727328
6.058447
3.698433
4.104579
4.904125
6.513095
2.610847
2.197782
2.518074
3.278097
5.771183
5.695364
3.807575
3.895330
3.954880
6.141514
3.601370
3.660579
2.969322
3.857452
3.769014
4.365333
3.556414
4.093884
3.978693
6.024023
4.707396
4.786332
3.847691
4.107084
3.536749
3.359082
5.439435
6.048278
5.852421
3.543227
3.861932
3.681238
4.352611
4.638740
3.660381
3.780855
2.401167
