0.933127
0.912903
0.901048
0.891305
0.884129
0.877306
0.871001
0.864948
0.861507
0.855836
0.850878
0.846347
0.840920
0.836964
0.832932
0.828523
0.825114
0.822015
0.818731
0.814746
0.811955
0.808191
0.805369
0.802050
0.799016
0.795511
0.792954
0.789524
0.785559
0.783642
0.780109
0.776952
0.773623
0.769979
0.767123
0.764157
0.761990
0.758741
0.756307
0.754410
0.751366
0.749357
0.747185
0.744733
0.741078
0.738137
0.736081
0.733536
0.731392
0.729361
0.726334
0.723944
0.721652
0.719317
0.716643
0.713944
0.711774
0.711006
0.709144
0.707742
0.705639
0.704265
0.702506
0.700821
0.698126
0.696533
0.694727
0.692112
0.689874
0.687558
0.685926
0.683475
0.682057
0.679950
0.677941
0.676334
0.674078
0.672750
0.670542
0.669005
0.667599
0.665300
0.663414
0.661166
0.659312
0.657686
0.656674
0.654838
0.652523
0.651398
0.650088
0.648882
0.647078
0.644947
0.643835
0.641269
0.640500
0.639350
0.637642
0.636930
