0 416.829685
100 415.534414
200 414.768373
300 390.557965
400 377.610502
500 390.432857
600 391.494885
700 393.438942
800 379.001840
900 379.105898
1000 379.126623
1100 358.631510
1200 366.957595
1300 373.927761
1400 370.699254
1500 360.252897
1600 364.911371
1700 368.507821
1800 365.765873
1900 363.977377
2000 367.539802
2100 367.223105
2200 389.273528
2300 394.928170
2400 381.127135
2500 368.032283
2600 377.408732
2700 361.073632
2800 368.981776
2900 369.576564
3000 339.536416
3100 340.999298
3200 336.805589
3300 314.941262
3400 315.281539
3500 309.245671
3600 316.066706
3700 326.481199
3800 321.338462
3900 320.838379
4000 317.479346
4100 296.999938
4200 297.018085
4300 287.237384
4400 284.225991
4500 271.982487
4600 263.198892
4700 271.811505
4800 262.471663
4900 259.137234
5000 246.808224
5100 241.174023
5200 241.870636
5300 259.161114
5400 243.644040
5500 251.679451
5600 239.745919
5700 232.974583
5800 226.297261
5900 232.241985
6000 234.252269
6100 234.543401
6200 230.954872
6300 230.152644
6400 217.975451
6500 232.033914
6600 228.717120
6700 233.452441
6800 226.928673
6900 225.074676
7000 226.344174
7100 214.999556
7200 219.857753
7300 230.951717
7400 231.176213
7500 244.736454
7600 233.241307
7700 236.562401
7800 230.906167
7900 227.169852
8000 242.495803
8100 247.939418
8200 234.717010
8300 228.181395
8400 215.937351
8500 209.526603
8600 221.051482
8700 226.820061
8800 216.030757
8900 222.339258
9000 234.296830
9100 232.608568
9200 242.563258
9300 247.703401
9400 243.730549
9500 235.231125
9600 234.928459
9700 244.708365
9800 236.875135
9900 237.975489
10000 240.912325
10100 243.573635
10200 250.947267
10300 250.906180
10400 244.357947
10500 255.945508
10600 232.541775
10700 249.483083
10800 236.396758
10900 241.281323
11000 236.013060
11100 221.712415
11200 228.290394
11300 239.853460
11400 228.730160
11500 226.553427
11600 224.536416
11700 238.784154
11800 232.720688
11900 219.575748
12000 210.669265
12100 215.692150
12200 220.338600
12300 210.623438
12400 218.716678
12500 231.074617
12600 244.185606
12700 232.684160
12800 248.825958
12900 245.960511
13000 234.357582
13100 239.155248
13200 239.552747
13300 224.850864
13400 230.809806
13500 229.973398
13600 229.421647
13700 229.075147
13800 224.297320
13900 223.418664
14000 212.437002
14100 201.879390
14200 191.454428
14300 204.288465
14400 200.177153
14500 208.537981
14600 200.648478
14700 204.208588
14800 195.074677
14900 198.045336
15000 205.213309
15100 200.394499
15200 200.284226
15300 200.372324
15400 208.930582
15500 206.366354
15600 193.036710
15700 177.716851
15800 169.081784
15900 172.077637
16000 165.919521
16100 185.440576
16200 189.141314
16300 187.464892
16400 192.393613
16500 191.534719
16600 181.241453
16700 182.671657
16800 166.646793
16900 156.059633
17000 172.888171
17100 156.897175
17200 161.114259
17300 183.683513
17400 185.763117
17500 176.283050
17600 184.562763
17700 183.000916
17800 178.252246
17900 182.189418
18000 178.760522
18100 176.646206
18200 160.500497
18300 148.709497
18400 153.623099
18500 157.106677
18600 155.511671
18700 151.831666
18800 153.402878
18900 145.620697
19000 150.495175
19100 154.836067
19200 158.552247
19300 165.038597
19400 157.956771
19500 152.564242
19600 146.563567
19700 155.129324
19800 155.293084
19900 144.410394
20000 146.339890
20100 155.594334
20200 159.939218
20300 186.147753
20400 171.810963
20500 173.097685
20600 168.553343
20700 167.143009
20800 165.499368
20900 153.873142
21000 162.374432
21100 142.163317
21200 145.513304
21300 140.883049
21400 136.828541
21500 140.401548
21600 135.216263
21700 147.953760
21800 144.827315
21900 134.275880
22000 140.523357
22100 132.823770
22200 131.016952
22300 136.813108
22400 133.720970
22500 128.747940
22600 133.748127
22700 138.923827
22800 128.936908
22900 120.667878
23000 129.414370
23100 114.560680
23200 107.907761
23300 111.549590
23400 110.962682
23500 110.010032
23600 119.887489
23700 131.437419
23800 124.583437
23900 125.339776
24000 132.082457
24100 137.929662
24200 133.887620
24300 130.977451
24400 125.870446
24500 123.260642
24600 132.588110
24700 131.199451
24800 128.060647
24900 123.711639
25000 134.518492
25100 142.318691
25200 129.860052
25300 117.663702
25400 123.667278
25500 122.602846
25600 128.941773
25700 129.463158
25800 133.203019
25900 136.970836
26000 125.049665
26100 127.345920
26200 125.389510
26300 125.333673
26400 121.601500
26500 123.762763
26600 117.102794
26700 124.172137
26800 124.419471
26900 128.098852
27000 123.791798
27100 132.157820
27200 132.319095
27300 117.054361
27400 108.482069
27500 112.658502
27600 128.084407
27700 123.380031
27800 111.410611
27900 120.769685
28000 121.037248
28100 119.551781
28200 115.969539
28300 115.762393
28400 116.781636
28500 116.195757
28600 122.267084
28700 108.624001
28800 110.347173
28900 107.070746
29000 103.049279
29100 105.325776
29200 104.290206
29300 101.874157
29400 107.913760
29500 111.439531
29600 116.645620
29700 109.595155
29800 105.059131
29900 95.921111
30000 97.465319
30100 101.710031
30200 107.643103
30300 108.464883
30400 108.626596
30500 101.668009
30600 103.223680
30700 97.036253
30800 106.747160
30900 119.351091
31000 111.377946
31100 118.022333
31200 117.172847
31300 112.553541
31400 114.869278
31500 113.193162
31600 108.155818
31700 98.810513
31800 106.967539
31900 93.229416
32000 95.725297
32100 99.384818
32200 93.348597
32300 93.422782
32400 107.097854
32500 95.763114
32600 106.977841
32700 101.700130
32800 103.827878
32900 100.729440
33000 105.979928
33100 110.648396
33200 106.696292
33300 106.635800
33400 122.229090
33500 105.384004
33600 93.195767
33700 93.185454
33800 95.163004
33900 97.446286
34000 103.528376
34100 99.551574
34200 102.663358
34300 92.065036
34400 82.976082
34500 78.710943
34600 82.430300
34700 71.517311
34800 70.202279
34900 71.641676
35000 73.936151
35100 79.587580
35200 80.334921
35300 84.688217
35400 88.377318
35500 94.080868
35600 98.376617
35700 97.020728
35800 100.237588
35900 110.279268
36000 104.041539
36100 110.311964
36200 102.079233
36300 103.427750
36400 118.370648
36500 115.431038
36600 113.318003
36700 110.188749
36800 117.833597
36900 115.168198
37000 111.930194
37100 102.118129
37200 104.737060
37300 109.514018
37400 106.715043
37500 105.529160
37600 99.885185
37700 96.890612
37800 104.423408
37900 94.867328
38000 83.961654
38100 81.931174
38200 78.652897
38300 77.387085
38400 83.230982
38500 91.209760
38600 94.396827
38700 98.311318
38800 98.726142
38900 108.576204
39000 104.312735
39100 104.364580
39200 108.441212
39300 98.359135
39400 91.208228
39500 87.577819
39600 81.658436
39700 71.442059
39800 58.126826
39900 54.551953
40000 63.303363
40100 59.315554
40200 65.993126
40300 63.628498
40400 53.932553
40500 56.153686
40600 62.925636
40700 60.753113
40800 63.472669
40900 58.947666
41000 57.426612
41100 59.228084
41200 56.110521
41300 58.582591
41400 55.863527
41500 55.123628
41600 62.708484
41700 58.402630
41800 62.312465
41900 64.733492
42000 61.403267
42100 61.773495
42200 64.736924
42300 61.397599
42400 61.512708
42500 55.700406
42600 56.428917
42700 61.397879
42800 63.763350
42900 75.267665
43000 70.131713
43100 72.525520
43200 71.253708
43300 70.257913
43400 70.479811
43500 75.406159
43600 78.021706
43700 82.804833
43800 84.031916
43900 78.656175
44000 86.411709
44100 91.159125
44200 81.449308
44300 82.474690
44400 83.424396
44500 87.803666
44600 89.340123
44700 82.581004
44800 79.408275
44900 90.665858
45000 90.445033
45100 92.630157
45200 98.468108
45300 91.804466
45400 97.441783
45500 104.633567
45600 104.613253
45700 107.226508
45800 105.660979
45900 103.377173
46000 95.579437
46100 112.029073
46200 119.455143
46300 122.128103
46400 116.586237
46500 111.326386
46600 103.446233
46700 96.634318
46800 93.924604
46900 92.770520
47000 89.541747
47100 86.428293
47200 81.541567
47300 94.495364
47400 94.704501
47500 81.465218
47600 91.824293
47700 98.386390
47800 101.149706
47900 89.251552
48000 79.619138
48100 83.772829
48200 78.068149
48300 79.583585
48400 81.682388
48500 82.382911
48600 90.647558
48700 92.796227
48800 95.613286
48900 92.147562
49000 92.317419
49100 90.436548
49200 76.588775
49300 71.341654
49400 81.884063
49500 75.317636
49600 81.219090
49700 90.450527
49800 90.854745
49900 89.302633
50000 89.717842
50100 83.875247
50200 77.623669
50300 72.626958
50400 72.958994
50500 77.794323
50600 68.381602
50700 65.125547
50800 69.029182
50900 66.426221
51000 59.724552
51100 61.564926
51200 57.072694
51300 59.706282
51400 54.020031
51500 61.516146
51600 62.192865
51700 73.233395
51800 73.011103
51900 73.298762
52000 69.557510
52100 68.514132
52200 67.079901
52300 72.258045
52400 74.723767
52500 77.532239
52600 80.701027
52700 80.651653
52800 75.993736
52900 71.536306
53000 78.727450
53100 71.212620
53200 65.284090
53300 54.832667
53400 60.704634
53500 65.363355
53600 63.216677
53700 65.152642
53800 62.864919
53900 72.307689
54000 72.331987
54100 74.524837
54200 67.217868
54300 66.267276
54400 62.320002
54500 70.866035
54600 62.891664
54700 70.905377
54800 69.023872
54900 72.511970
55000 73.623324
55100 76.512788
55200 66.100215
55300 66.750681
55400 76.262934
55500 73.819590
55600 69.656951
55700 75.215675
55800 78.179309
55900 79.154676
56000 75.411252
56100 74.917302
56200 69.711615
56300 72.881141
56400 68.586232
56500 69.188980
56600 72.711224
56700 75.080316
56800 77.125661
56900 77.662775
57000 79.518402
57100 66.068791
57200 57.354001
57300 66.865266
57400 53.157462
57500 49.508421
57600 46.197851
57700 52.359930
57800 50.154996
57900 50.599525
58000 49.060699
58100 48.017263
58200 54.680019
58300 60.670656
58400 68.125476
58500 63.179442
58600 63.815667
58700 64.208337
58800 60.993064
58900 58.071541
59000 58.077219
59100 47.527261
59200 50.671626
59300 55.487425
59400 53.981378
59500 59.021978
59600 69.727935
59700 73.133506
59800 72.189749
59900 69.636668
60000 73.391373
60100 65.764334
60200 52.093115
60300 53.281571
60400 53.658525
60500 51.357086
60600 49.362422
60700 59.122297
60800 58.560933
60900 51.117660
61000 52.849416
61100 49.950295
61200 44.953058
61300 44.862815
61400 48.823070
61500 50.708156
61600 49.196349
61700 55.560362
61800 56.554921
61900 56.240324
62000 54.338745
62100 50.802994
62200 55.130033
62300 60.716253
62400 61.587252
62500 60.520379
62600 61.487407
62700 55.175828
62800 50.815441
62900 47.728850
63000 52.058548
63100 58.781744
63200 60.334466
63300 64.697202
63400 53.299056
63500 49.458316
63600 52.024942
63700 56.449911
63800 62.958049
63900 64.217070
64000 68.027572
64100 58.308697
64200 59.600760
64300 68.196955
64400 67.985185
64500 73.420156
64600 71.000377
64700 70.786818
64800 66.230888
64900 77.052759
65000 83.338493
65100 79.580721
65200 80.835611
65300 94.086745
65400 95.931687
65500 99.555656
65600 86.619571
65700 81.390589
65800 91.462599
65900 77.109332
66000 70.876685
66100 67.637524
66200 63.447262
66300 62.251337
66400 63.791723
66500 65.864848
66600 73.654311
66700 68.978798
66800 56.826693
66900 58.053498
67000 64.013387
67100 58.856318
67200 63.835296
67300 65.700985
67400 61.533338
67500 62.105520
67600 54.408648
67700 49.814385
67800 48.927420
67900 52.049965
68000 50.113724
68100 51.561291
68200 51.007359
68300 46.105155
68400 42.713589
68500 41.982794
68600 47.055956
68700 46.006753
68800 48.638752
68900 49.273201
69000 53.658777
69100 53.497589
69200 55.559091
69300 55.899935
69400 58.666084
69500 53.293398
69600 49.584137
69700 51.109128
69800 50.086007
69900 54.791323
70000 49.654571
70100 52.384545
70200 45.682390
70300 45.193419
70400 45.421509
70500 45.133606
70600 45.806412
70700 45.141631
70800 50.270624
70900 45.020209
71000 40.554525
71100 51.146621
71200 52.143763
71300 54.562689
71400 55.032561
71500 55.530313
71600 52.622977
71700 52.381579
71800 53.782259
71900 47.037488
72000 53.747999
72100 49.933973
72200 45.920617
72300 45.010674
72400 51.264016
72500 47.234555
72600 37.366285
72700 42.501919
72800 41.994645
72900 51.995979
73000 57.558715
73100 58.899149
73200 53.078376
73300 48.866409
73400 52.073496
73500 52.234017
73600 54.136628
73700 56.482632
73800 54.608433
73900 45.883221
74000 45.009170
74100 43.492410
74200 37.325184
74300 44.851491
74400 49.605563
74500 48.863960
74600 46.023545
74700 48.320760
74800 47.721466
74900 51.546241
75000 55.237830
75100 61.166014
75200 61.237194
75300 55.356615
75400 61.377031
75500 57.278574
75600 66.565192
75700 65.852720
75800 60.702836
75900 68.418351
76000 66.196013
76100 67.342610
76200 64.452991
76300 64.832015
76400 64.464795
76500 74.403074
76600 81.453478
76700 71.340350
76800 68.504803
76900 66.645050
77000 57.687400
77100 54.741382
77200 52.765296
77300 49.824731
77400 48.341354
77500 46.102801
77600 50.713915
77700 46.837176
77800 50.175694
77900 43.508447
78000 43.206414
78100 39.311616
78200 41.038333
78300 45.453682
78400 43.628827
78500 51.854367
78600 51.627355
78700 58.655438
78800 62.843108
78900 61.699296
79000 57.052052
79100 56.927140
79200 62.210476
79300 57.982110
79400 60.255165
79500 54.040010
79600 47.525136
79700 37.786664
79800 42.582637
79900 43.171136
80000 51.023966
80100 49.411904
80200 43.973569
80300 40.804739
80400 42.845060
80500 58.149448
80600 63.088777
80700 60.250699
80800 66.353821
80900 66.201016
81000 66.320403
81100 77.270282
81200 79.013733
81300 74.213746
81400 72.935019
81500 80.885313
81600 88.625948
81700 82.166821
81800 80.113334
81900 75.854691
82000 68.206285
82100 73.455627
82200 74.065979
82300 78.311970
82400 82.130284
82500 83.235575
82600 79.859489
82700 78.672184
82800 79.021290
82900 74.017354
83000 72.694265
83100 69.650793
83200 72.510285
83300 71.325360
83400 63.708310
83500 70.409320
83600 76.390500
83700 69.392217
83800 62.623975
83900 61.294971
84000 60.477156
84100 66.015664
84200 60.687793
84300 56.201391
84400 50.593118
84500 51.952286
84600 44.900772
84700 43.264735
84800 46.770097
84900 47.539731
85000 43.932063
85100 46.557034
85200 46.534805
85300 36.016089
85400 33.122867
85500 31.107687
85600 34.206564
85700 29.037239
85800 27.335305
85900 29.073611
86000 31.720227
86100 32.627381
86200 38.621224
86300 39.733395
86400 39.978504
86500 36.325888
86600 33.392966
86700 38.543684
86800 47.352920
86900 37.247251
87000 33.950493
87100 29.014760
87200 29.345805
87300 28.536251
87400 25.288563
87500 26.500892
87600 23.235104
87700 26.874637
87800 25.345410
87900 19.317574
88000 23.164948
88100 23.810519
88200 23.815797
88300 21.730191
88400 20.734693
88500 20.902783
88600 27.974267
88700 30.508986
88800 27.097929
88900 29.211026
89000 29.226791
89100 31.056753
89200 31.839275
89300 32.081987
89400 28.613933
89500 28.875637
89600 32.721984
89700 33.583681
89800 35.145106
89900 36.420274
90000 38.623957
90100 39.592514
90200 41.411490
90300 38.953885
90400 39.050240
90500 40.273760
90600 47.740703
90700 42.571241
90800 34.431637
90900 35.468011
91000 37.492364
91100 31.923838
91200 34.914616
91300 47.382947
91400 46.796068
91500 39.781953
91600 38.894833
91700 41.856992
91800 46.440014
91900 51.594319
92000 44.712310
92100 43.090697
92200 43.747216
92300 37.722456
92400 33.528472
92500 35.855157
92600 31.902868
92700 33.007751
92800 39.071576
92900 42.137768
93000 47.445203
93100 50.248936
93200 51.046319
93300 45.464340
93400 43.506112
93500 34.827530
93600 33.087984
93700 32.459905
93800 30.721683
93900 30.506825
94000 30.339414
94100 29.891394
94200 33.368779
94300 31.736489
94400 34.807243
94500 35.514703
94600 38.397723
94700 37.805409
94800 37.321994
94900 42.722161
95000 48.511190
95100 40.277179
95200 37.259377
95300 38.393941
95400 40.176292
95500 46.031845
95600 47.664705
95700 51.243369
95800 54.823435
95900 58.245227
96000 65.065146
96100 61.548172
96200 51.122031
96300 45.694495
96400 45.215878
96500 49.895480
96600 49.493718
96700 56.472602
96800 66.963472
96900 60.929094
97000 57.562080
97100 64.745609
97200 63.698701
97300 63.640023
97400 74.162235
97500 62.917495
97600 63.032549
97700 63.224056
97800 59.151778
97900 71.577634
98000 71.649074
98100 73.288186
98200 70.757371
98300 62.026130
98400 62.310689
98500 67.694816
98600 72.374922
98700 79.523888
98800 73.549966
98900 64.902349
99000 62.563038
99100 69.272571
99200 74.061244
99300 63.816055
99400 58.950783
99500 57.701836
99600 52.785682
99700 56.885285
99800 65.569747
99900 53.736332
100000 49.476322
100100 49.218918
100200 47.849616
100300 48.501601
100400 58.461079
100500 59.063928
100600 59.035403
100700 60.905325
100800 54.627041
100900 63.131671
101000 61.015240
101100 52.114885
101200 59.180555
101300 63.772789
101400 75.600925
101500 66.656131
101600 66.995141
101700 74.625903
101800 72.513217
101900 71.524509
102000 85.224318
102100 88.763830
102200 78.890619
102300 87.453979
102400 94.691408
102500 100.461824
102600 89.343243
102700 105.170687
102800 108.431846
102900 93.920314
103000 98.346513
103100 100.447906
103200 103.091940
103300 99.889761
103400 98.446746
103500 106.634570
103600 115.770319
103700 123.032424
103800 125.509319
103900 123.424053
104000 129.618733
104100 121.707954
104200 119.220684
104300 110.880711
104400 106.522360
104500 109.210353
104600 109.897312
104700 104.907345
104800 99.906164
104900 100.022950
105000 106.178757
105100 106.567030
105200 105.985546
105300 94.110526
105400 96.200031
105500 94.313181
105600 99.882065
105700 106.519026
105800 105.678276
105900 113.898182
106000 110.053578
106100 101.562023
106200 90.584141
106300 80.886750
106400 92.452998
106500 96.562631
106600 93.296242
106700 91.426710
106800 86.298041
106900 91.152605
107000 84.148634
107100 81.290194
107200 77.952329
107300 91.610502
107400 93.107745
107500 84.625037
107600 77.880512
107700 75.476756
107800 67.242860
107900 67.369261
108000 56.149060
108100 57.452517
108200 61.493118
108300 57.020836
108400 51.733197
108500 52.300717
108600 52.697040
108700 51.882621
108800 51.356995
108900 43.858525
109000 41.909384
109100 38.962871
109200 43.922120
109300 43.589048
109400 47.084761
109500 45.250337
109600 35.598332
109700 41.291524
109800 46.031115
109900 43.287302
110000 44.228086
110100 41.986697
110200 45.258540
110300 52.036159
110400 48.272425
110500 50.490510
110600 44.979423
110700 38.886128
110800 39.945118
110900 40.766427
111000 36.604211
111100 31.358589
111200 32.641806
111300 39.611235
111400 37.522772
111500 40.133757
111600 40.608380
111700 42.846283
111800 43.265561
111900 40.856803
112000 38.262113
112100 39.948285
112200 33.764527
112300 38.114553
112400 40.248922
112500 38.686617
112600 38.019461
112700 37.095454
112800 37.400884
112900 37.287026
113000 37.605354
113100 26.558048
113200 30.700430
113300 33.771853
113400 33.613928
113500 37.834994
113600 39.315320
113700 39.787689
113800 39.867943
113900 43.398089
114000 42.199357
114100 43.750028
114200 46.451377
114300 45.263357
114400 37.052958
114500 32.275392
114600 37.306082
114700 28.004545
114800 33.778693
114900 31.251778
115000 32.176813
115100 34.835877
115200 33.920875
115300 30.269787
115400 25.954874
115500 23.237326
115600 21.571640
115700 21.308773
115800 26.597276
115900 27.469194
116000 25.772792
116100 25.376903
116200 29.269866
116300 28.182726
116400 26.269072
116500 27.595148
116600 29.644495
116700 28.944093
116800 29.386643
116900 29.116218
117000 26.165020
117100 26.611331
117200 28.842062
117300 29.940952
117400 27.673696
117500 26.454473
117600 27.456583
117700 32.036582
117800 26.404771
117900 29.705758
118000 33.686309
118100 39.578413
118200 40.430841
118300 41.506443
118400 39.648051
118500 40.745459
118600 44.961321
118700 48.730906
118800 51.845486
118900 49.163038
119000 49.818996
119100 46.390836
119200 43.305948
119300 43.833899
119400 47.243026
119500 55.047027
119600 52.549117
119700 48.427893
119800 47.212384
119900 42.804121
120000 44.506640
120100 54.133507
120200 60.808230
120300 54.407965
120400 56.163512
120500 50.250617
120600 47.722683
120700 45.011292
120800 44.983829
120900 48.234236
121000 42.217889
121100 46.186688
121200 47.009405
121300 48.723167
121400 49.484195
121500 44.658211
121600 43.453665
121700 43.513825
121800 50.228612
121900 48.988436
122000 45.284580
122100 42.453340
122200 52.618185
122300 52.712676
122400 52.525604
122500 49.144376
122600 46.053635
122700 47.629277
122800 44.889367
122900 49.804251
123000 49.238167
123100 52.643253
123200 46.446458
123300 50.546676
123400 56.898647
123500 50.331844
123600 56.728530
123700 57.835898
123800 51.167565
123900 51.338488
124000 50.972621
124100 48.281831
124200 44.976307
124300 50.747021
124400 49.801178
124500 45.378484
124600 44.116642
124700 42.621328
124800 41.416168
124900 53.240006
125000 57.011887
125100 54.119548
125200 55.634107
125300 62.422356
125400 59.379648
125500 57.174490
125600 54.714876
125700 56.077498
125800 48.612128
125900 41.969317
126000 49.273981
126100 53.047073
126200 54.167008
126300 54.255959
126400 49.906787
126500 47.698339
126600 52.693030
126700 56.268288
126800 54.110493
126900 53.265011
127000 55.012809
127100 52.560793
127200 53.688941
127300 54.136341
127400 57.237469
127500 65.608713
127600 69.356496
127700 66.903568
127800 71.527330
127900 60.616802
128000 64.667810
128100 68.771936
128200 82.051207
128300 87.403024
128400 80.345409
128500 76.132076
128600 83.609436
128700 84.162724
128800 75.033666
128900 67.429681
129000 76.438619
129100 70.827516
129200 75.324302
129300 81.748852
129400 68.598017
129500 72.849352
129600 80.105265
129700 80.849964
129800 79.905759
129900 77.101753
130000 80.769408
130100 78.758114
130200 72.960316
130300 72.192121
130400 65.991064
130500 62.825942
130600 61.116236
130700 55.097907
130800 54.981976
130900 58.498027
131000 55.826170
131100 57.037936
131200 60.490786
131300 52.495174
131400 50.400718
131500 48.697450
131600 41.605396
131700 45.165929
131800 51.668098
131900 58.964142
132000 60.837890
132100 56.517618
132200 53.862843
132300 45.663740
132400 50.901426
132500 49.250357
132600 58.549354
132700 51.349793
132800 42.658091
132900 49.641179
133000 47.464997
133100 46.427480
133200 49.442766
133300 43.800915
133400 40.594854
133500 42.082585
133600 48.059027
133700 47.692855
133800 53.102796
133900 53.799357
134000 48.352799
134100 45.996613
134200 42.233467
134300 46.419395
134400 45.188115
134500 42.704977
134600 41.886189
134700 39.754187
134800 38.414278
134900 41.426256
135000 40.699401
135100 44.461086
135200 42.201198
135300 34.900852
135400 39.588772
135500 35.690080
135600 37.974241
135700 41.150344
135800 34.245959
135900 34.530268
136000 27.546903
136100 33.702929
136200 31.226315
136300 33.984603
136400 38.010345
136500 34.930178
136600 42.611339
136700 39.044942
136800 42.507491
136900 45.216472
137000 43.372731
137100 41.633617
137200 39.280503
137300 39.269689
137400 39.466460
137500 36.292221
137600 30.480836
137700 29.947463
137800 30.775382
137900 32.418246
138000 36.294591
138100 35.186984
138200 32.601696
138300 35.492779
138400 32.185262
138500 24.770281
138600 24.606301
138700 23.095075
138800 27.645057
138900 25.414041
139000 28.309387
139100 25.394206
139200 25.537271
139300 25.326215
139400 25.995156
139500 30.801426
139600 28.308531
139700 27.294394
139800 29.582437
139900 36.834090
140000 44.695611
140100 49.082491
140200 51.318173
140300 59.915488
140400 55.281545
140500 51.433809
140600 57.077373
140700 52.030551
140800 48.105461
140900 53.426793
141000 49.455877
141100 49.900533
141200 49.225761
141300 45.808165
141400 40.226278
141500 37.116807
141600 43.482985
141700 40.233800
141800 40.544087
141900 45.734907
142000 50.036989
142100 50.426955
142200 44.370561
142300 46.994988
142400 42.620153
142500 48.166143
142600 44.973332
142700 48.730460
142800 51.948887
142900 41.698672
143000 40.352271
143100 38.327452
143200 37.077593
143300 35.050225
143400 38.241834
143500 37.725435
143600 32.773576
143700 36.434794
143800 42.492013
143900 46.393573
144000 51.013022
144100 58.562727
144200 62.735982
144300 54.548724
144400 55.326097
144500 54.470407
144600 62.038865
144700 63.942178
144800 66.415226
144900 64.680128
145000 64.073299
145100 66.778363
145200 72.238405
145300 70.239206
145400 69.834361
145500 62.840094
145600 62.289778
145700 62.728672
145800 63.681908
145900 70.874796
146000 69.003298
146100 66.781257
146200 61.400372
146300 63.584273
146400 68.625102
146500 71.904342
146600 79.321332
146700 92.174347
146800 98.885957
146900 102.097855
147000 83.844059
147100 77.606592
147200 74.621547
147300 69.766223
147400 63.572482
147500 68.573085
147600 68.881059
147700 62.208931
147800 65.025063
147900 66.106291
148000 66.360225
148100 65.282033
148200 66.473870
148300 58.369777
148400 58.727980
148500 59.098506
148600 64.397261
148700 53.112753
148800 52.301212
148900 51.092517
149000 50.901077
149100 60.205470
149200 50.166550
149300 53.368215
149400 56.203536
149500 64.546960
149600 70.520801
149700 70.030829
149800 71.527239
149900 71.382320
150000 81.446663
150100 78.018251
150200 71.563177
150300 73.649778
150400 76.016375
150500 87.970928
150600 92.677420
150700 95.441713
150800 97.511301
150900 96.232459
151000 96.826736
151100 99.502445
151200 114.384099
151300 112.155401
151400 98.673728
151500 98.419807
151600 93.830678
151700 85.826470
151800 76.627785
151900 78.198208
152000 76.053794
152100 72.361108
152200 70.136953
152300 80.609691
152400 70.563639
152500 68.836854
152600 79.409023
152700 81.010755
152800 75.008563
152900 62.599796
153000 62.243741
153100 65.513353
153200 63.570627
153300 63.785531
153400 65.951170
153500 65.524167
153600 74.742615
153700 69.691819
153800 82.259729
153900 85.862644
154000 82.666073
154100 85.282691
154200 90.399141
154300 96.184752
154400 93.912468
154500 94.210120
154600 94.492855
154700 80.478206
154800 76.667342
154900 67.895388
155000 60.604412
155100 56.870093
155200 71.589816
155300 68.379990
155400 64.346324
155500 67.896549
155600 67.138377
155700 64.458933
155800 57.971331
155900 59.558185
156000 60.536702
156100 55.688135
156200 54.547751
156300 51.366548
156400 51.120159
156500 57.689736
156600 57.688333
156700 60.006249
156800 59.113628
156900 53.426743
157000 55.507741
157100 48.079481
157200 46.581449
157300 56.238816
157400 50.307756
157500 48.345699
157600 53.751577
157700 47.313492
157800 42.561285
157900 44.341844
158000 36.759756
158100 37.638952
158200 40.322047
158300 44.251957
158400 46.640764
158500 48.546049
158600 55.657036
158700 64.141641
158800 72.817923
158900 71.124807
159000 74.823054
159100 86.912373
159200 86.423140
159300 89.394499
159400 91.380808
159500 90.989541
159600 102.295474
159700 94.192773
159800 100.390823
159900 92.901472
160000 95.889582
160100 108.849435
160200 105.305542
160300 101.166139
160400 99.305953
160500 101.284305
160600 104.980889
160700 100.559235
160800 107.080605
160900 109.642792
161000 125.846406
161100 122.063650
161200 121.393160
161300 102.570483
161400 113.652080
161500 107.125854
161600 100.696459
161700 110.314315
161800 114.345925
161900 124.219205
162000 124.926419
162100 118.436985
162200 120.605128
162300 118.265740
162400 119.598518
162500 122.880442
162600 124.797081
162700 103.175277
162800 103.521336
162900 99.000433
163000 100.728285
163100 93.145454
163200 94.247979
163300 89.307324
163400 87.006200
163500 84.623255
163600 85.553317
163700 87.761698
163800 80.584037
163900 85.425094
164000 82.276269
164100 82.350825
164200 84.797196
164300 85.633313
164400 93.130310
164500 107.531380
164600 107.052302
164700 100.046584
164800 99.076962
164900 94.961217
165000 101.371469
165100 100.631635
165200 96.529357
165300 103.154574
165400 97.893888
165500 92.180291
165600 99.540601
165700 104.369361
165800 88.838436
165900 88.402079
166000 78.646212
166100 79.494014
166200 74.351412
166300 71.802279
166400 69.354937
166500 66.490441
166600 76.017365
166700 90.654869
166800 83.496160
166900 78.420984
167000 78.140409
167100 76.873908
167200 86.068647
167300 76.187420
167400 71.726419
167500 69.545173
167600 67.230159
167700 75.333949
167800 80.364537
167900 83.483283
168000 84.613434
168100 69.500285
168200 75.149699
168300 78.321833
168400 86.642940
168500 80.264513
168600 71.886404
168700 69.279587
168800 77.107032
168900 73.966671
169000 77.063052
169100 69.171682
169200 64.914389
169300 66.717530
169400 68.888232
169500 65.588456
169600 69.028276
169700 69.913722
169800 72.096064
169900 65.076423
170000 71.494064
170100 73.910635
170200 86.086756
170300 75.982264
170400 69.026303
170500 73.196336
170600 66.064704
170700 66.638268
170800 60.494450
170900 65.733464
171000 73.891939
171100 71.981284
171200 68.548887
171300 63.159880
171400 62.375919
171500 67.688100
171600 65.490738
171700 67.404949
171800 61.690998
171900 60.395459
172000 58.649919
172100 50.383418
172200 57.174173
172300 66.556693
172400 69.489490
172500 76.910472
172600 62.690686
172700 57.003265
172800 56.794633
172900 76.525466
173000 76.483909
173100 79.772574
173200 88.497192
173300 79.946093
173400 74.076501
173500 72.114872
173600 69.086007
173700 62.230404
173800 53.139372
173900 55.513281
174000 64.645714
174100 68.671964
174200 81.611932
174300 79.286628
174400 76.195165
174500 70.177263
174600 68.812145
174700 74.894962
174800 76.074681
174900 79.347599
175000 78.313228
175100 82.097612
175200 80.265542
175300 70.905161
175400 88.802071
175500 86.187412
175600 91.781520
175700 87.467623
175800 85.225840
175900 82.010418
176000 82.778496
176100 83.061917
176200 67.369797
176300 64.080442
176400 68.295840
176500 69.790474
176600 68.665074
176700 68.912323
176800 71.173763
176900 66.765401
177000 61.899134
177100 63.990946
177200 64.214535
177300 68.730525
177400 79.440417
177500 74.162916
177600 72.723089
177700 75.564672
177800 80.433202
177900 67.562038
178000 65.556762
178100 59.937759
178200 52.870019
178300 55.738504
178400 56.025387
178500 49.462440
178600 47.677304
178700 39.110732
178800 39.405760
178900 40.250728
179000 42.267167
179100 40.812873
179200 36.635756
179300 46.624249
179400 49.937239
179500 49.072619
179600 54.409826
179700 53.636935
179800 55.029675
179900 53.051222
180000 44.065919
180100 48.549620
180200 43.032810
180300 47.781870
180400 49.407431
180500 41.950899
180600 42.343364
180700 44.544772
180800 38.988756
180900 38.416915
181000 43.193857
181100 44.030233
181200 36.650327
181300 36.671640
181400 36.392370
181500 32.204610
181600 35.082595
181700 45.638386
181800 47.902114
181900 44.326589
182000 41.598330
182100 52.106922
182200 47.050275
182300 44.218177
182400 41.966017
182500 39.985600
182600 39.194570
182700 39.236785
182800 33.621465
182900 38.423038
183000 39.657686
183100 35.385269
183200 36.034812
183300 43.790607
183400 44.545600
183500 44.190241
183600 46.790449
183700 57.835382
183800 50.774171
183900 57.648429
184000 57.847909
184100 62.537855
184200 63.128429
184300 61.018681
184400 60.360120
184500 52.855119
184600 52.788278
184700 55.813082
184800 54.428934
184900 59.781035
185000 69.399041
185100 68.665900
185200 67.874199
185300 52.604405
185400 54.776552
185500 58.731569
185600 61.484550
185700 59.080216
185800 60.605209
185900 58.726767
186000 66.197969
186100 68.339310
186200 72.578279
186300 76.991190
186400 69.548949
186500 70.627184
186600 74.680315
186700 65.231388
186800 66.446900
186900 68.174753
187000 69.024347
187100 61.088343
187200 57.740272
187300 64.817864
187400 70.145597
187500 65.757781
187600 61.595781
187700 56.285569
187800 51.395573
187900 44.846771
188000 49.954980
188100 47.737695
188200 50.122021
188300 47.559620
188400 51.518607
188500 54.948594
188600 58.559742
188700 61.747062
188800 74.523992
188900 66.301923
189000 62.085234
189100 72.988772
189200 72.595466
189300 83.459292
189400 78.958567
189500 78.081668
189600 72.281593
189700 69.747206
189800 82.294659
189900 76.570343
190000 85.212683
190100 87.362287
190200 92.087888
190300 82.415103
190400 85.707482
190500 85.276030
190600 87.067687
190700 81.444824
190800 83.608451
190900 98.534654
191000 95.452112
191100 87.347535
191200 92.938272
191300 99.097940
191400 93.740553
191500 92.458533
191600 88.035865
191700 83.803686
191800 81.183807
191900 68.376576
192000 64.701187
192100 70.338707
192200 64.585781
192300 63.905818
192400 57.408021
192500 57.072351
192600 47.968925
192700 43.991060
192800 48.858795
192900 48.511480
193000 50.034503
193100 58.171719
193200 57.220436
193300 59.302144
193400 53.075575
193500 45.429301
193600 41.565327
193700 40.386685
193800 39.385694
193900 39.666785
194000 35.035272
194100 34.839673
194200 36.563038
194300 39.452997
194400 43.962523
194500 44.451042
194600 48.486867
194700 52.005605
194800 53.860631
194900 64.400011
195000 61.608814
195100 64.408845
195200 69.243008
195300 63.412210
195400 63.831876
195500 59.275932
195600 54.866444
195700 48.197745
195800 54.751260
195900 61.168185
196000 60.945925
196100 57.374702
196200 47.460079
196300 47.271578
196400 49.791464
196500 50.901995
196600 44.957785
196700 39.394804
196800 33.819544
196900 34.683099
197000 34.206267
197100 39.244891
197200 44.368493
197300 44.513038
197400 50.573708
197500 53.086598
197600 50.026520
197700 52.792965
197800 54.443964
197900 54.239253
198000 54.959014
198100 64.117541
198200 61.536003
198300 57.863098
198400 66.198092
198500 68.015157
198600 72.454906
198700 79.599119
198800 71.822411
198900 71.343904
199000 67.219682
199100 73.237683
199200 76.266388
199300 85.346750
199400 77.196660
199500 83.008877
199600 87.449176
199700 88.237040
199800 88.246224
199900 85.531723
200000 86.801579
200100 80.662304
200200 87.990085
200300 85.453984
200400 92.062609
200500 91.749465
200600 86.806000
200700 82.134053
200800 81.144599
200900 73.619309
201000 73.315704
201100 76.581184
201200 73.248203
201300 73.787185
201400 66.213439
201500 61.102256
201600 71.233985
201700 69.421848
201800 68.254542
201900 70.191320
202000 66.986511
202100 72.672852
202200 70.568569
202300 72.909754
202400 69.122895
202500 60.665624
202600 61.365228
202700 59.536219
202800 60.498409
202900 61.000822
203000 55.041423
203100 50.084808
203200 41.775510
203300 52.503051
203400 55.457287
203500 48.449415
203600 45.070370
203700 44.718071
203800 41.039459
203900 40.133495
204000 39.152141
204100 41.739696
204200 38.144910
204300 39.450621
204400 33.386291
204500 34.366499
204600 33.421287
204700 30.297982
204800 25.108590
204900 25.504394
205000 28.642110
205100 29.251971
205200 30.317374
205300 32.411016
205400 31.370163
205500 30.625075
205600 32.036356
205700 36.514257
205800 38.539404
205900 34.887921
206000 35.057091
206100 30.362168
206200 31.291327
206300 33.521823
206400 34.588165
206500 32.430640
206600 32.290809
206700 28.575843
206800 28.708233
206900 30.179758
207000 28.034017
207100 32.908205
207200 34.712670
207300 38.958774
207400 37.410682
207500 35.794269
207600 40.227105
207700 42.376941
207800 48.307193
207900 47.202361
208000 44.503496
208100 40.114460
208200 43.945959
208300 42.676518
208400 43.016197
208500 44.021620
208600 43.919034
208700 51.145182
208800 54.181061
208900 48.847092
209000 56.867229
209100 55.493746
209200 53.009947
209300 48.556790
209400 42.175517
209500 35.592546
209600 41.485551
209700 43.305671
209800 39.827648
209900 48.562113
210000 48.524566
210100 41.913990
210200 40.285053
210300 36.926899
210400 42.911293
210500 44.854558
210600 51.418175
210700 42.459629
210800 45.705057
210900 50.261797
211000 51.602033
211100 53.260108
211200 49.730552
211300 46.981328
211400 47.451894
211500 41.791353
211600 46.905417
211700 46.987579
211800 44.114433
211900 49.027647
212000 52.473387
212100 50.737785
212200 53.188532
212300 61.140211
212400 60.982735
212500 55.399171
212600 56.992801
212700 50.361957
212800 60.110079
212900 57.680690
213000 50.687223
213100 56.353468
213200 55.183538
213300 47.446659
213400 45.998383
213500 43.828396
213600 48.842448
213700 45.415441
213800 44.193818
213900 48.054456
214000 43.115402
214100 45.178169
214200 45.945211
214300 42.109666
214400 38.947284
214500 36.865219
214600 40.795030
214700 34.813624
214800 39.655214
214900 50.697217
215000 45.292977
215100 44.550726
215200 35.525888
215300 32.200497
215400 27.756959
215500 26.481980
215600 31.972138
215700 33.392318
215800 30.588364
215900 32.232075
216000 29.353663
216100 33.837814
216200 33.134503
216300 32.201709
216400 26.446379
216500 27.338172
216600 35.926663
216700 26.434465
216800 25.509330
216900 21.933128
217000 24.776230
217100 27.301888
217200 26.322928
217300 23.576907
217400 24.298767
217500 22.900144
217600 23.088992
217700 33.635722
217800 27.771239
217900 33.501174
218000 32.369399
218100 38.754559
218200 35.107445
218300 33.880761
218400 31.099388
218500 24.118978
218600 21.424090
218700 25.508890
218800 26.053647
218900 23.451299
219000 28.281519
219100 32.750052
219200 37.440385
219300 47.270209
219400 44.030444
219500 35.034047
219600 31.674042
219700 27.640615
219800 26.652386
219900 24.375231
220000 22.417080
220100 24.192299
220200 27.549096
220300 31.757645
220400 25.256299
220500 27.440826
220600 22.276007
220700 29.389229
220800 32.381612
220900 27.372001
221000 31.703402
221100 30.930060
221200 37.384469
221300 42.316442
221400 40.870397
221500 40.481521
221600 43.967450
221700 51.648452
221800 53.396433
221900 56.475699
222000 44.799762
222100 44.256496
222200 46.382708
222300 52.953799
222400 48.641974
222500 52.042096
222600 48.825588
222700 46.234911
222800 42.556312
222900 36.933648
223000 39.868954
223100 33.614626
223200 37.534330
223300 44.519544
223400 48.830383
223500 42.075392
223600 43.614649
223700 45.419467
223800 40.846912
223900 39.563122
224000 35.904180
224100 41.294192
224200 40.148913
224300 42.226425
224400 39.036741
224500 38.805480
224600 37.901481
224700 34.045117
224800 32.861038
224900 36.401893
225000 38.950164
225100 46.730353
225200 45.848506
225300 45.728937
225400 46.568569
225500 47.600060
225600 44.229634
225700 44.624608
225800 45.474776
225900 42.215153
226000 40.150575
226100 42.879595
226200 41.103393
226300 49.386123
226400 50.168029
226500 48.539219
226600 46.063589
226700 46.971079
226800 44.740526
226900 47.387758
227000 48.691988
227100 52.370508
227200 56.869461
227300 61.498282
227400 56.696922
227500 61.083946
227600 57.930130
227700 61.544825
227800 54.524006
227900 49.191273
228000 47.119681
228100 48.676427
228200 49.233748
228300 51.998970
228400 53.730984
228500 55.378406
228600 59.742989
228700 56.191898
228800 57.715433
228900 48.892453
229000 55.321377
229100 61.505527
229200 62.125024
229300 65.989182
229400 65.822053
229500 74.295214
229600 78.319087
229700 73.816719
229800 67.000032
229900 71.097821
230000 62.186836
230100 63.162780
230200 56.608985
230300 51.934494
230400 54.646905
230500 50.045325
230600 47.245873
230700 44.284577
230800 42.920003
230900 42.896639
231000 45.055365
231100 40.788600
231200 36.836629
231300 46.459830
231400 43.179045
231500 40.363098
231600 41.852252
231700 42.772288
231800 32.484704
231900 28.165052
232000 29.571382
232100 23.222830
232200 24.499944
232300 25.607259
232400 25.597095
232500 27.042067
232600 28.182595
232700 28.595544
232800 31.103343
232900 28.087959
233000 27.049702
233100 33.252514
233200 31.327371
233300 31.438640
233400 30.611968
233500 30.754192
233600 32.144701
233700 30.797875
233800 25.544513
233900 28.235523
234000 25.819667
234100 22.424245
234200 22.384926
234300 24.112965
234400 23.302767
234500 25.193684
234600 29.588858
234700 28.162478
234800 26.946342
234900 31.173616
235000 30.199214
235100 37.513157
235200 40.654025
235300 39.173466
235400 41.082158
235500 35.058470
235600 36.356161
235700 42.867313
235800 41.132345
235900 39.389973
236000 35.109577
236100 35.396635
236200 36.887582
236300 37.996203
236400 39.503834
236500 45.041182
236600 43.229300
236700 41.823248
236800 46.649196
236900 42.146970
237000 48.234278
237100 52.176015
237200 42.548258
237300 40.688996
237400 40.087942
237500 41.749212
237600 46.203497
237700 42.045822
237800 44.305104
237900 48.748203
238000 53.341781
238100 45.463616
238200 50.434434
238300 49.394207
238400 51.180963
238500 44.332699
238600 42.214128
238700 45.143011
238800 47.848507
238900 49.902395
239000 46.261869
239100 43.930460
239200 39.761472
239300 40.818833
239400 36.441366
239500 41.641123
239600 46.720548
239700 52.351078
239800 52.510786
239900 39.420472
240000 39.919988
240100 43.236416
240200 48.474921
240300 46.531793
240400 52.511708
240500 59.062372
240600 59.006189
240700 63.284052
240800 63.953158
240900 63.521190
241000 65.740363
241100 72.873866
241200 70.713361
241300 66.115453
241400 66.711635
241500 66.823632
241600 57.999131
241700 55.489491
241800 51.412795
241900 44.197029
242000 47.188874
242100 45.457413
242200 53.847734
242300 47.172439
242400 47.449796
242500 46.870248
242600 50.607080
242700 43.729997
242800 47.315710
242900 41.869439
243000 37.532131
243100 37.884269
243200 38.424564
243300 42.864707
243400 34.490895
243500 31.185346
243600 28.321086
243700 32.250466
243800 29.792911
243900 26.129886
244000 26.792535
244100 31.030732
244200 31.047685
244300 27.936503
244400 25.308675
244500 26.099453
244600 30.345226
244700 28.112343
244800 27.596985
244900 33.369209
245000 29.976284
245100 34.034223
245200 29.600076
245300 30.919797
245400 35.061889
245500 37.505863
245600 37.968634
245700 39.999243
245800 39.809350
245900 44.483688
246000 48.045319
246100 44.937369
246200 44.300595
246300 45.039029
246400 42.518099
246500 47.045146
246600 39.997400
246700 38.338258
246800 29.933650
246900 38.970063
247000 43.683173
247100 38.631514
247200 37.308092
247300 37.023906
247400 38.699125
247500 39.011961
247600 38.793170
247700 39.297317
247800 42.126237
247900 41.764271
248000 46.434798
248100 49.843104
248200 49.689904
248300 44.828102
248400 48.828949
248500 43.199898
248600 45.849249
248700 43.924067
248800 42.878428
248900 39.490273
249000 34.919965
249100 36.417604
249200 33.850602
249300 38.028136
249400 37.150418
249500 44.114122
249600 45.759280
249700 43.703073
249800 50.130843
249900 48.655408
250000 39.193493
250100 35.995527
250200 34.878018
250300 30.182110
250400 29.520055
250500 29.733400
250600 32.504192
250700 31.389011
250800 40.565550
250900 39.485536
251000 39.828757
251100 40.350060
251200 44.561459
251300 42.289101
251400 37.268904
251500 35.680353
251600 40.414203
251700 45.130972
251800 44.220013
251900 45.300678
252000 41.862060
252100 45.331521
252200 40.868107
252300 44.836648
252400 47.908095
252500 47.032810
252600 51.274412
252700 51.006223
252800 49.058103
252900 53.126507
253000 54.598496
253100 52.399017
253200 53.997224
253300 56.396681
253400 54.942689
253500 53.462443
253600 54.941689
253700 58.046149
253800 61.657247
253900 56.233316
254000 56.401296
254100 52.545872
254200 57.877142
254300 49.431877
254400 43.084721
254500 45.259218
254600 47.652114
254700 48.330438
254800 47.749079
254900 51.127684
255000 46.016029
255100 42.027501
255200 40.880297
255300 42.687618
255400 35.799004
255500 38.427152
255600 40.591290
255700 44.803136
255800 47.980715
255900 49.024958
256000 53.343292
256100 49.203629
256200 55.145281
256300 58.659663
256400 64.739196
256500 70.240689
256600 66.081273
256700 64.517527
256800 57.421098
256900 46.062261
257000 47.923002
257100 49.756276
257200 45.754131
257300 49.180277
257400 43.342416
257500 48.811410
257600 46.235676
257700 43.587477
257800 42.363291
257900 41.974523
258000 35.892714
258100 28.032164
258200 27.684081
258300 27.981480
258400 36.478793
258500 36.584570
258600 36.954932
258700 41.033245
258800 39.766814
258900 46.272647
259000 45.973309
259100 52.182271
259200 49.448440
259300 49.933026
259400 40.250967
259500 32.751975
259600 31.153363
259700 28.013140
259800 27.416146
259900 28.748700
260000 28.950820
260100 32.678867
260200 26.489677
260300 31.366330
260400 34.483690
260500 33.159727
260600 32.323324
260700 34.330451
260800 47.273025
260900 43.104434
261000 44.388399
261100 43.312953
261200 38.503068
261300 40.468669
261400 42.258969
261500 49.479605
261600 48.633808
261700 47.518596
261800 48.255715
261900 44.769053
262000 42.001798
262100 46.383431
262200 48.427716
262300 45.810176
262400 48.873577
262500 55.656987
262600 55.358808
262700 69.982043
262800 61.162544
262900 64.773867
263000 66.848194
263100 68.108842
263200 65.136071
263300 57.434255
263400 61.099633
263500 62.294492
263600 57.215687
263700 61.626149
263800 57.437395
263900 65.540866
264000 71.375296
264100 68.627823
264200 70.712580
264300 68.585852
264400 67.239567
264500 69.947436
264600 76.221855
264700 74.064515
264800 65.015372
264900 60.377720
265000 66.048105
265100 65.238801
265200 68.499641
265300 58.138770
265400 54.251295
265500 50.699255
265600 52.107550
265700 53.370091
265800 59.291848
265900 65.196266
266000 68.745759
266100 72.942762
266200 70.156334
266300 74.009594
266400 71.044307
266500 68.371084
266600 69.932359
266700 76.237615
266800 84.126062
266900 80.550575
267000 84.021294
267100 90.719987
267200 113.871321
267300 105.069064
267400 96.856761
267500 94.747558
267600 108.283522
267700 100.954225
267800 97.533641
267900 100.394855
268000 107.313755
268100 99.668982
268200 82.998672
268300 86.524736
268400 80.527126
268500 82.100776
268600 89.148806
268700 83.222095
268800 79.997797
268900 84.353308
269000 101.907016
269100 88.758515
269200 89.544193
269300 88.514916
269400 97.441705
269500 94.337651
269600 88.016962
269700 77.639265
269800 91.991223
269900 97.021283
270000 92.100646
270100 84.556646
270200 86.255061
270300 90.058158
270400 90.888689
270500 91.243590
270600 84.693780
270700 80.337768
270800 78.623303
270900 82.706791
271000 76.797511
271100 67.906062
271200 72.942981
271300 77.366876
271400 77.170539
271500 70.179772
271600 73.616040
271700 75.735506
271800 76.581164
271900 80.172625
272000 80.461504
272100 83.361847
272200 87.131599
272300 88.108268
272400 100.547725
272500 86.578746
272600 94.661718
272700 96.536567
272800 105.679009
272900 109.244269
273000 101.339115
273100 120.491639
273200 122.642364
273300 115.031025
273400 118.268743
273500 119.923017
273600 115.215731
273700 102.700319
273800 108.295507
273900 112.119154
274000 114.671731
274100 118.378676
274200 109.150156
274300 100.841713
274400 88.830584
274500 87.622549
274600 88.369302
274700 102.543306
274800 105.404746
274900 106.525328
275000 103.767488
275100 102.760777
275200 101.594306
275300 105.914687
275400 104.150885
275500 107.912141
275600 101.057324
275700 104.282493
275800 91.705751
275900 96.992245
276000 107.170962
276100 114.549118
276200 120.002372
276300 125.826268
276400 114.857632
276500 115.674562
276600 113.403074
276700 120.241788
276800 126.045899
276900 121.397037
277000 111.286634
277100 107.722459
277200 108.327850
277300 104.760171
277400 99.133177
277500 90.616621
277600 99.187131
277700 109.813137
277800 117.825945
277900 110.879559
278000 108.055238
278100 106.786330
278200 102.999316
278300 91.261974
278400 91.917026
278500 96.756935
278600 100.990293
278700 109.488962
278800 106.595362
278900 107.066523
279000 92.245455
279100 91.445003
279200 87.327035
279300 100.729151
279400 90.090749
279500 95.450535
279600 97.193992
279700 96.536028
279800 99.144242
279900 87.773200
280000 96.275942
280100 94.303452
280200 85.114398
280300 87.294614
280400 90.290773
280500 76.858961
280600 70.570717
280700 72.759674
280800 72.269277
280900 73.179644
281000 83.682462
281100 76.551670
281200 80.378768
281300 78.495418
281400 73.648645
281500 79.684860
281600 84.068077
281700 77.564758
281800 82.281867
281900 80.485160
282000 75.149716
282100 68.791010
282200 67.792005
282300 70.241754
282400 72.939969
282500 80.766904
282600 87.266371
282700 84.389853
282800 94.835636
282900 98.771974
283000 98.896882
283100 101.357988
283200 94.586909
283300 92.433452
283400 85.695378
283500 84.532064
283600 80.404425
283700 83.860327
283800 81.627836
283900 90.642955
284000 81.737935
284100 86.192766
284200 86.919116
284300 89.381220
284400 83.843638
284500 82.114914
284600 76.316042
284700 76.710963
284800 78.100931
284900 79.668013
285000 78.308803
285100 76.800125
285200 62.990298
285300 60.598800
285400 66.419840
285500 70.972247
285600 57.340653
285700 60.473800
285800 71.299782
285900 63.376968
286000 67.738860
286100 64.456014
286200 61.282850
286300 56.421800
286400 51.392762
286500 51.899648
286600 51.220329
286700 55.975884
286800 54.242553
286900 54.233186
287000 55.358621
287100 57.579160
287200 58.429944
287300 60.224529
287400 53.348785
287500 48.728855
287600 52.472038
287700 47.298994
287800 51.044316
287900 52.578506
288000 51.830268
288100 58.822268
288200 66.092083
288300 68.943989
288400 58.428978
288500 52.081572
288600 37.242466
288700 37.609611
288800 47.358920
288900 49.893987
289000 43.940470
289100 38.900504
289200 39.773215
289300 42.212766
289400 36.621986
289500 40.032310
289600 37.419941
289700 39.076393
289800 41.030057
289900 41.814167
290000 42.533550
290100 42.300475
290200 44.335163
290300 39.451762
290400 47.040246
290500 53.500161
290600 51.454936
290700 44.533365
290800 41.662077
290900 46.782021
291000 41.305926
291100 46.330836
291200 51.576968
291300 48.069875
291400 42.545309
291500 45.465931
291600 49.581628
291700 50.520413
291800 45.018379
291900 49.813695
292000 49.348708
292100 47.761778
292200 56.194330
292300 53.055488
292400 49.996120
292500 40.190887
292600 43.882106
292700 36.813641
292800 47.296058
292900 40.491657
293000 41.720074
293100 52.877636
293200 48.342740
293300 45.148367
293400 49.049185
293500 49.980543
293600 55.987331
293700 65.517421
293800 61.492959
293900 55.868243
294000 52.399581
294100 48.245710
294200 39.786173
294300 44.674019
294400 36.770551
294500 39.738828
294600 38.862904
294700 37.971520
294800 45.558902
294900 53.629873
295000 56.007711
295100 49.421113
295200 51.028416
295300 48.012759
295400 46.233483
295500 50.552716
295600 58.081953
295700 69.585210
295800 67.396991
295900 65.178533
296000 72.000095
296100 71.918591
296200 60.102963
296300 63.792423
296400 62.518120
296500 66.009816
296600 69.272914
296700 82.149301
296800 80.323421
296900 74.056722
297000 75.568083
297100 78.790953
297200 86.421396
297300 88.304136
297400 83.519491
297500 83.219882
297600 81.633650
297700 94.816805
297800 99.781326
297900 98.894723
298000 92.173051
298100 89.063255
298200 86.764373
298300 87.014665
298400 86.968651
298500 83.794673
298600 76.694632
298700 78.535890
298800 73.664197
298900 74.808173
299000 73.568582
299100 77.929391
299200 77.971791
299300 73.393628
299400 62.216125
299500 57.226822
299600 51.052869
299700 55.008057
299800 50.765781
299900 43.485214
300000 40.887540
300100 44.156490
300200 43.097445
300300 46.157597
300400 42.622617
300500 40.850419
300600 40.222222
300700 45.300892
300800 40.484626
300900 43.922346
301000 39.107805
301100 38.611879
301200 40.358978
301300 41.007118
301400 43.497566
301500 39.621925
301600 48.930517
301700 47.271111
301800 49.930066
301900 45.407567
302000 43.970452
302100 48.570271
302200 48.574602
302300 48.845668
302400 49.324383
302500 46.290162
302600 44.883572
302700 43.901248
302800 50.345885
302900 44.454936
303000 51.361547
303100 51.543736
303200 57.830983
303300 54.810253
303400 53.188223
303500 51.656342
303600 56.163474
303700 58.088012
303800 63.470940
303900 66.819966
304000 63.581972
304100 65.825516
304200 71.400695
304300 63.175686
304400 67.086928
304500 58.745536
304600 57.367670
304700 55.130039
304800 56.396113
304900 56.712849
305000 58.616385
305100 56.188125
305200 53.173400
305300 51.496929
305400 55.301609
305500 52.575951
305600 57.820951
305700 59.585593
305800 53.594347
305900 53.693030
306000 58.348501
306100 57.970178
306200 53.658290
306300 51.796883
306400 62.099795
306500 55.770182
306600 62.792675
306700 62.010556
306800 62.773595
306900 65.053139
307000 75.933448
307100 72.448496
307200 73.278189
307300 59.827289
307400 63.640237
307500 58.640526
307600 53.551076
307700 56.335892
307800 58.329888
307900 63.228907
308000 64.299161
308100 64.668930
308200 64.980886
308300 62.108824
308400 65.012210
308500 56.223483
308600 51.157524
308700 54.997970
308800 54.435999
308900 61.186751
309000 62.357889
309100 61.471206
309200 56.015332
309300 66.257741
309400 58.544181
309500 58.251893
309600 54.796046
309700 55.104577
309800 53.898737
309900 58.027628
310000 51.495682
310100 54.841192
310200 56.844477
310300 55.885448
310400 53.080496
310500 48.051659
310600 46.610070
310700 44.724814
310800 34.656834
310900 31.580622
311000 35.922853
311100 31.639881
311200 28.322008
311300 29.778336
311400 25.260576
311500 26.562304
311600 30.489259
311700 33.858002
311800 32.698079
311900 33.233959
312000 31.432731
312100 31.875841
312200 34.036355
312300 32.985064
312400 40.420809
312500 41.418474
312600 36.029046
312700 38.598416
312800 42.873396
312900 36.845099
313000 28.251110
313100 27.907721
313200 35.185130
313300 34.212038
313400 34.740895
313500 40.394340
313600 43.890745
313700 38.696288
313800 43.729559
313900 41.034905
314000 52.934343
314100 43.663825
314200 39.488492
314300 41.579407
314400 45.784415
314500 47.763713
314600 47.208634
314700 50.107531
314800 48.449334
314900 45.611719
315000 51.285384
315100 45.712370
315200 38.916338
315300 40.763384
315400 48.372525
315500 44.985487
315600 42.200385
315700 40.928123
315800 46.904087
315900 44.141950
316000 41.290851
316100 39.345515
316200 50.930062
316300 56.641993
316400 52.133155
316500 41.752545
316600 40.439591
316700 42.171264
316800 40.588360
316900 40.230735
317000 40.572852
317100 37.730382
317200 38.681016
317300 40.780224
317400 32.767096
317500 32.273438
317600 31.910277
317700 27.814769
317800 26.704412
317900 26.314953
318000 26.327058
318100 31.122303
318200 31.369046
318300 33.764805
318400 39.496258
318500 37.806008
318600 36.468169
318700 35.761984
318800 41.621394
318900 38.999104
319000 45.395565
319100 40.450179
319200 39.732169
319300 41.584383
319400 50.985441
319500 51.643853
319600 51.096865
319700 48.057898
319800 45.080808
319900 36.311623
320000 42.786353
320100 45.783063
320200 52.564053
320300 52.691308
320400 46.858604
320500 52.712578
320600 50.300518
320700 50.352186
320800 49.513433
320900 48.458319
321000 46.740804
321100 44.250137
321200 43.985781
321300 39.506565
321400 42.158757
321500 41.342549
321600 45.107937
321700 45.003081
321800 49.510837
321900 50.638357
322000 49.433424
322100 48.869587
322200 46.861366
322300 53.406426
322400 53.417597
322500 63.434094
322600 59.116993
322700 64.292063
322800 77.351189
322900 77.726478
323000 75.230037
323100 80.915554
323200 80.626163
323300 83.504837
323400 86.825587
323500 88.230115
323600 84.746782
323700 87.503248
323800 93.801708
323900 90.022204
324000 87.815432
324100 96.212391
324200 99.989466
324300 95.668089
324400 91.520956
324500 94.576213
324600 86.899424
324700 84.806242
324800 100.692886
324900 110.812348
325000 108.804888
325100 105.960644
325200 118.380146
325300 114.865625
325400 117.432444
325500 106.643965
325600 104.572472
325700 109.285870
325800 113.590808
325900 108.758105
326000 108.917102
326100 107.142978
326200 98.821233
326300 104.663968
326400 95.662071
326500 95.466479
326600 86.189608
326700 84.458639
326800 93.791393
326900 92.059691
327000 81.897623
327100 74.972892
327200 72.723153
327300 76.816914
327400 77.821604
327500 82.485702
327600 84.555805
327700 83.761082
327800 79.202206
327900 75.348108
328000 70.860029
328100 81.438282
328200 74.068091
328300 72.640608
328400 72.948862
328500 68.303927
328600 69.197450
328700 64.719409
328800 62.998959
328900 54.872982
329000 61.672024
329100 56.442797
329200 50.744523
329300 50.409998
329400 45.859097
329500 45.847069
329600 48.732201
329700 47.733129
329800 59.854486
329900 55.762032
330000 50.904908
330100 50.396358
330200 58.520510
330300 61.504045
330400 61.967055
330500 60.056928
330600 53.481882
330700 51.154323
330800 51.194810
330900 52.654620
331000 48.131929
331100 45.773564
331200 51.162974
331300 54.881458
331400 60.403310
331500 56.026125
331600 60.657991
331700 59.943853
331800 66.872162
331900 56.289350
332000 56.444490
332100 67.499566
332200 60.858033
332300 61.518417
332400 62.985214
332500 58.517699
332600 44.534978
332700 39.942951
332800 39.368869
332900 32.984741
333000 31.118192
333100 25.935526
333200 29.264784
333300 28.320087
333400 25.683572
333500 23.162313
333600 31.898287
333700 31.467835
333800 30.253484
333900 28.085173
334000 28.716784
334100 31.411260
334200 25.912854
334300 30.497017
334400 30.028619
334500 26.992000
334600 25.057396
334700 23.181584
334800 22.141570
334900 26.226265
335000 29.364441
335100 30.525572
335200 26.661722
335300 27.549016
335400 25.397099
335500 28.346726
335600 31.068072
335700 35.647485
335800 32.806636
335900 41.202266
336000 35.516380
336100 36.317655
336200 44.022707
336300 45.805666
336400 36.934804
336500 28.234596
336600 29.621510
336700 36.295974
336800 31.664810
336900 38.068192
337000 36.220211
337100 34.689164
337200 25.461300
337300 23.146351
337400 28.563434
337500 27.705473
337600 28.122432
337700 27.735422
337800 26.817715
337900 31.322801
338000 35.922774
338100 32.781371
338200 32.702326
338300 33.604453
338400 32.695489
338500 29.081768
338600 25.537306
338700 30.814788
338800 32.987620
338900 36.865187
339000 36.185417
339100 40.809566
339200 41.452032
339300 47.514608
339400 50.057578
339500 51.078713
339600 55.412305
339700 51.406171
339800 64.430349
339900 59.829309
340000 64.945353
340100 59.871442
340200 55.022879
340300 51.736069
340400 43.401116
340500 47.751869
340600 54.242098
340700 57.027893
340800 47.498357
340900 53.897421
341000 51.799283
341100 53.944429
341200 54.624153
341300 47.831629
341400 47.642549
341500 43.929213
341600 50.722257
341700 51.480921
341800 44.988977
341900 40.068776
342000 41.485986
342100 42.777617
342200 41.099001
342300 35.463015
342400 34.753242
342500 35.981155
342600 41.493225
342700 43.946139
342800 47.038480
342900 50.538700
343000 46.118122
343100 47.583873
343200 45.447029
343300 44.110578
343400 35.666813
343500 39.551571
343600 39.361681
343700 40.448946
343800 38.783893
343900 46.852455
344000 43.213561
344100 54.428090
344200 60.708738
344300 63.453811
344400 56.615572
344500 62.367486
344600 61.369458
344700 54.553047
344800 43.517181
344900 42.386169
345000 44.821848
345100 36.274677
345200 38.679931
345300 42.489431
345400 40.358495
345500 39.221613
345600 28.054860
345700 29.075135
345800 32.301784
345900 34.842490
346000 32.730496
346100 34.057256
346200 35.416105
346300 35.471003
346400 44.421214
346500 44.721429
346600 48.246245
346700 50.384975
346800 51.286782
346900 46.332355
347000 47.303447
347100 47.224227
347200 52.041829
347300 44.451438
347400 40.380110
347500 42.801676
347600 40.201228
347700 43.481798
347800 35.027823
347900 40.387702
348000 42.375274
348100 43.464085
348200 41.843394
348300 33.335891
348400 27.788125
348500 23.576912
348600 17.879687
348700 19.973296
348800 19.020470
348900 27.023952
349000 28.094549
349100 28.400944
349200 27.087897
349300 29.439347
349400 29.839879
349500 25.687416
349600 21.870449
349700 23.521259
349800 28.274649
349900 19.869065
350000 25.166675
350100 22.543401
350200 19.124998
350300 19.485359
350400 23.058625
350500 25.532827
350600 20.655487
350700 23.299858
350800 29.036914
350900 29.311875
351000 32.941516
351100 31.786814
351200 28.199326
351300 28.903878
351400 30.649376
351500 34.832232
351600 32.693803
351700 36.725932
351800 40.076712
351900 47.352896
352000 46.955568
352100 49.289672
352200 45.397195
352300 55.854619
352400 62.411289
352500 62.122769
352600 55.157337
352700 60.171385
352800 58.599309
352900 58.505034
353000 44.306378
353100 45.246328
353200 45.085025
353300 51.202205
353400 52.506304
353500 54.540934
353600 62.055291
353700 56.037233
353800 61.671902
353900 55.266893
354000 64.550088
354100 57.962464
354200 54.456569
354300 57.072672
354400 50.338548
354500 56.407536
354600 59.234454
354700 56.372845
354800 56.709717
354900 64.467228
355000 66.802847
355100 64.807613
355200 52.841799
355300 54.689111
355400 55.994640
355500 59.050315
355600 55.258969
355700 57.009671
355800 66.313390
355900 70.673596
356000 70.288447
356100 62.415252
356200 61.298536
356300 45.878755
356400 47.334283
356500 45.497743
356600 42.658775
356700 36.743176
356800 32.742722
356900 40.155782
357000 45.673577
357100 44.798593
357200 50.184725
357300 47.363539
357400 43.992429
357500 46.688298
357600 45.039099
357700 42.762826
357800 36.385672
357900 40.236184
358000 39.796256
358100 43.309687
358200 44.789760
358300 51.768670
358400 51.967681
358500 54.271624
358600 51.812925
358700 51.395751
358800 60.292817
358900 60.003518
359000 62.761469
359100 71.084760
359200 79.443382
359300 64.015909
359400 59.181142
359500 66.208379
359600 79.057254
359700 81.176633
359800 73.036610
359900 66.041973
360000 65.981387
360100 77.837017
360200 85.192007
360300 77.812376
360400 81.831585
360500 100.005223
360600 91.418544
360700 89.588674
360800 98.812398
360900 101.792698
361000 95.497328
361100 97.645562
361200 94.564555
361300 90.253233
361400 92.896932
361500 93.447081
361600 89.078548
361700 96.673175
361800 93.523865
361900 90.458397
362000 77.641446
362100 74.482731
362200 81.328737
362300 78.829257
362400 79.822248
362500 82.681829
362600 79.174178
362700 80.659113
362800 75.523572
362900 80.695803
363000 83.719875
363100 87.828695
363200 90.761210
363300 89.153705
363400 86.568721
363500 76.937544
363600 76.883049
363700 73.514210
363800 74.989069
363900 75.303587
364000 71.057849
364100 68.203295
364200 69.432117
364300 71.518066
364400 61.319094
364500 62.766134
364600 66.743942
364700 66.181883
364800 62.649482
364900 57.365505
365000 61.838124
365100 60.605367
365200 70.534924
365300 71.175316
365400 74.692387
365500 79.643059
365600 78.906381
365700 92.061207
365800 83.375703
365900 74.778890
366000 70.196340
366100 74.742976
366200 69.523942
366300 62.415506
366400 65.855057
366500 69.515645
366600 79.479328
366700 74.944570
366800 74.947193
366900 74.074939
367000 71.419111
367100 69.069288
367200 85.210714
367300 76.947467
367400 77.093164
367500 83.362844
367600 76.719139
367700 79.311037
367800 82.938097
367900 80.825467
368000 75.686135
368100 67.582100
368200 59.895831
368300 58.517116
368400 60.166294
368500 65.280742
368600 72.241670
368700 74.796459
368800 64.559111
368900 64.204381
369000 56.923158
369100 54.004725
369200 68.521962
369300 70.842728
369400 88.170192
369500 88.965943
369600 90.256356
369700 90.005644
369800 90.411024
369900 80.524941
370000 87.424425
370100 78.462393
370200 81.859691
370300 68.325551
370400 65.910853
370500 72.939323
370600 70.226222
370700 68.756379
370800 61.363869
370900 67.110882
371000 63.089289
371100 64.117391
371200 74.860418
371300 79.215577
371400 82.141692
371500 88.604708
371600 92.100149
371700 88.665823
371800 93.609231
371900 86.540371
372000 90.776803
372100 87.626565
372200 86.383674
372300 86.181008
372400 84.064608
372500 77.412180
372600 69.713189
372700 69.432442
372800 73.403032
372900 79.373665
373000 73.482606
373100 75.765420
373200 82.264949
373300 75.564867
373400 69.643838
373500 58.784716
373600 51.183774
373700 56.163021
373800 57.203176
373900 58.952039
374000 58.962382
374100 53.632245
374200 46.011824
374300 49.372757
374400 50.280767
374500 47.167517
374600 47.368917
374700 54.535292
374800 49.390768
374900 54.426718
375000 52.527665
375100 50.337056
375200 52.493549
375300 56.390936
375400 49.657752
375500 46.964082
375600 47.633852
375700 51.502573
375800 59.986027
375900 65.083874
376000 59.713983
376100 53.307501
376200 48.974434
376300 55.475833
376400 52.253940
376500 60.287809
376600 65.882253
376700 62.735694
376800 67.835407
376900 64.039294
377000 69.595326
377100 75.667546
377200 70.983247
377300 69.770989
377400 62.880776
377500 76.789936
377600 74.380885
377700 70.619991
377800 69.079285
377900 77.996758
378000 71.406303
378100 65.866225
378200 59.147667
378300 61.455775
378400 54.365386
378500 59.054542
378600 55.666513
378700 61.483729
378800 64.507238
378900 61.347801
379000 61.947891
379100 65.123749
379200 62.596818
379300 58.770704
379400 53.573085
379500 56.484748
379600 57.224005
379700 72.051625
379800 68.036403
379900 77.536488
380000 72.400656
380100 70.041412
380200 75.467177
380300 70.571060
380400 62.573006
380500 64.551564
380600 60.802197
380700 59.664425
380800 65.157263
380900 62.638933
381000 61.567878
381100 66.950939
381200 68.452806
381300 66.056159
381400 66.324733
381500 55.138656
381600 50.270123
381700 49.584848
381800 55.375795
381900 53.631642
382000 60.131756
382100 67.317614
382200 72.216307
382300 65.810306
382400 71.102246
382500 82.723430
382600 78.762139
382700 74.940061
382800 63.265049
382900 58.951485
383000 65.125858
383100 64.110214
383200 60.471174
383300 63.315157
383400 63.548257
383500 52.297190
383600 48.696216
383700 39.414716
383800 47.258748
383900 53.105928
384000 52.879490
384100 55.217379
384200 55.941661
384300 46.461253
384400 59.830817
384500 65.705388
384600 57.717685
384700 52.110545
384800 50.746829
384900 47.062592
385000 46.654847
385100 48.999507
385200 49.318946
385300 43.373787
385400 36.788431
385500 35.466318
385600 30.880650
385700 38.097790
385800 43.139716
385900 45.466396
386000 44.073048
386100 51.341149
386200 55.724636
386300 51.721515
386400 51.182856
386500 56.571397
386600 57.380033
386700 56.751882
386800 56.894290
386900 63.534285
387000 70.480983
387100 67.423557
387200 66.594365
387300 71.353715
387400 75.508007
387500 69.647767
387600 74.758876
387700 74.842399
387800 81.342446
387900 82.868559
388000 77.563748
388100 85.656387
388200 78.028524
388300 80.355236
388400 71.322311
388500 65.862278
388600 61.587807
388700 64.637777
388800 66.632487
388900 67.942667
389000 72.540541
389100 84.129132
389200 78.753310
389300 71.248790
389400 60.532906
389500 52.582614
389600 43.562886
389700 47.992869
389800 47.152724
389900 44.382406
390000 38.504840
390100 32.588846
390200 35.593999
390300 36.960628
390400 38.842002
390500 44.706909
390600 43.811510
390700 49.227024
390800 46.707505
390900 42.568001
391000 48.926759
391100 55.321997
391200 60.738220
391300 64.370334
391400 61.670798
391500 57.881371
391600 56.940471
391700 56.913638
391800 57.644254
391900 53.610667
392000 53.277821
392100 56.452913
392200 57.018256
392300 64.006664
392400 62.585790
392500 67.907884
392600 63.246825
392700 66.186958
392800 63.125408
392900 57.115368
393000 55.596183
393100 63.227105
393200 54.457620
393300 50.054164
393400 49.863402
393500 52.354173
393600 50.824103
393700 52.744678
393800 49.656070
393900 49.616265
394000 55.784507
394100 52.291847
394200 58.382731
394300 66.433042
394400 60.077715
394500 50.053648
394600 49.697615
394700 50.457929
394800 57.544624
394900 61.531672
395000 58.020902
395100 61.402303
395200 64.427423
395300 62.131211
395400 62.461955
395500 58.891889
395600 65.807605
395700 58.018153
395800 47.876542
395900 43.698062
396000 43.032205
396100 42.032467
396200 38.069743
396300 45.683092
396400 47.042928
396500 50.456214
396600 48.600749
396700 44.024238
396800 47.540937
396900 55.971116
397000 50.604198
397100 48.474138
397200 58.545503
397300 59.738236
397400 56.437968
397500 47.926922
397600 46.832675
397700 43.377939
397800 50.132380
397900 47.133030
398000 53.844531
398100 43.853202
398200 43.006742
398300 44.525901
398400 41.269877
398500 40.783175
398600 33.535057
398700 44.773703
398800 43.126346
398900 44.728878
399000 37.667086
399100 41.260187
399200 46.472233
399300 44.780335
399400 49.186050
399500 50.029071
399600 55.008524
399700 48.113346
399800 51.473987
399900 50.585194
400000 51.243091
400100 56.697255
400200 51.898450
400300 53.487221
400400 53.154321
400500 54.101094
400600 47.740679
400700 46.964341
400800 58.171580
400900 59.477416
401000 61.785086
401100 59.690671
401200 63.575459
401300 70.438697
401400 76.236175
401500 68.354762
401600 63.809043
401700 66.346228
401800 64.100979
401900 60.766255
402000 59.160334
402100 52.253704
402200 50.862160
402300 54.305450
402400 53.221093
402500 52.057083
402600 56.620660
402700 53.739671
402800 57.927976
402900 61.755299
403000 57.780322
403100 48.267676
403200 45.469943
403300 46.164034
403400 51.138409
403500 52.622739
403600 48.199365
403700 45.346008
403800 44.877783
403900 44.040620
404000 32.184254
404100 29.922707
404200 26.824148
404300 25.260702
404400 27.309110
404500 23.590945
404600 25.282490
404700 27.059299
404800 28.730788
404900 32.235757
405000 29.843376
405100 30.651783
405200 33.431967
405300 35.829645
405400 37.542648
405500 36.420078
405600 39.650071
405700 47.907628
405800 56.785894
405900 54.323469
406000 54.383766
406100 52.047384
406200 51.098222
406300 45.156895
406400 49.382489
406500 48.367958
406600 49.723134
406700 52.685655
406800 52.375580
406900 49.796384
407000 44.997221
407100 47.129501
407200 43.052852
407300 47.206249
407400 43.619177
407500 38.913687
407600 37.632913
407700 39.851072
407800 44.086118
407900 40.474312
408000 45.298565
408100 41.848861
408200 43.180202
408300 54.914551
408400 57.983839
408500 63.180897
408600 63.103570
408700 60.820144
408800 59.316540
408900 60.065573
409000 58.900156
409100 56.860592
409200 65.202331
409300 63.731883
409400 58.823366
409500 55.371503
409600 52.844308
409700 58.188656
409800 59.626792
409900 60.702556
410000 61.269497
410100 60.925211
410200 59.574872
410300 63.697630
410400 65.279884
410500 62.204658
410600 69.030842
410700 67.868124
410800 64.779292
410900 49.836236
411000 52.871497
411100 54.380121
411200 56.971781
411300 54.806423
411400 57.595253
411500 58.717968
411600 57.837610
411700 67.558805
411800 74.884407
411900 71.636595
412000 62.048545
412100 63.395756
412200 73.382396
412300 68.714782
412400 71.668532
412500 73.739279
412600 60.881319
412700 66.969084
412800 66.629020
412900 61.552622
413000 73.135788
413100 65.319247
413200 73.508384
413300 76.177499
413400 75.341478
413500 76.967667
413600 78.201934
413700 73.316570
413800 71.955864
413900 70.490929
414000 78.736792
414100 82.988354
414200 80.370813
414300 84.122135
414400 78.545268
414500 73.762770
414600 72.704516
414700 63.453803
414800 65.507745
414900 66.507708
415000 49.566537
415100 53.146337
415200 50.556893
415300 53.141106
415400 58.051947
415500 69.984336
415600 65.824859
415700 65.216251
415800 65.815504
415900 61.270846
416000 56.502411
416100 53.366034
416200 52.018442
416300 46.593260
416400 45.746436
416500 52.397646
416600 50.087840
416700 59.660510
416800 62.877573
416900 56.549893
417000 56.519187
417100 59.660344
417200 63.476004
417300 64.194800
417400 67.987894
417500 73.958843
417600 80.373553
417700 79.013606
417800 75.855778
417900 77.401149
418000 73.026995
418100 76.670879
418200 78.810217
418300 80.940945
418400 81.869410
418500 83.990707
418600 86.622080
418700 85.132768
418800 83.140822
418900 82.774900
419000 84.377259
419100 84.477091
419200 83.983509
419300 87.644214
419400 91.457274
419500 104.196990
419600 113.884353
419700 108.207897
419800 101.039100
419900 89.202693
420000 99.249616
420100 99.814625
420200 90.370785
420300 105.724463
420400 116.972225
420500 128.059928
420600 115.727189
420700 126.652944
420800 113.179840
420900 100.083247
421000 109.515254
421100 114.620181
421200 114.387086
421300 112.262321
421400 99.684245
421500 106.517014
421600 106.620222
421700 96.098567
421800 94.135156
421900 85.234797
422000 86.308564
422100 88.217268
422200 82.057440
422300 82.230583
422400 85.123521
422500 73.799599
422600 64.577087
422700 55.408754
422800 59.005764
422900 62.540898
423000 68.954689
423100 80.513729
423200 84.191267
423300 78.535944
423400 72.899230
423500 73.474346
423600 82.701395
423700 78.011427
423800 74.552389
423900 63.487194
424000 58.251783
424100 53.003219
424200 50.626269
424300 40.961442
424400 40.139504
424500 42.161596
424600 42.909699
424700 42.060316
424800 47.347723
424900 52.967130
425000 52.270251
425100 56.309911
425200 51.026489
425300 51.316413
425400 50.499221
425500 48.993025
425600 49.336263
425700 47.924044
425800 51.129018
425900 53.805438
426000 69.797744
426100 66.457937
426200 69.121640
426300 63.266381
426400 73.478064
426500 79.570678
426600 81.473578
426700 88.395022
426800 94.293124
426900 94.316297
427000 85.444816
427100 85.670445
427200 78.358155
427300 73.733803
427400 77.537188
427500 90.411828
427600 100.259432
427700 94.797046
427800 97.842031
427900 104.734888
428000 99.059860
428100 85.650272
428200 98.021081
428300 93.208855
428400 99.348103
428500 100.442740
428600 96.693387
428700 100.384740
428800 96.299517
428900 100.429408
429000 105.513810
429100 108.868526
429200 112.276836
429300 114.307328
429400 115.753161
429500 120.483855
429600 115.213673
429700 110.575906
429800 106.522898
429900 109.568897
430000 95.741657
430100 97.428813
430200 90.753829
430300 85.476323
430400 78.584638
430500 62.073430
430600 68.070614
430700 80.629120
430800 71.527431
430900 73.030595
431000 67.080105
431100 72.207192
431200 74.027964
431300 74.160214
431400 82.700756
431500 82.120527
431600 78.752367
431700 76.343314
431800 78.548205
431900 73.053804
432000 78.979842
432100 88.973642
432200 89.365597
432300 87.990463
432400 81.121727
432500 78.001572
432600 72.634733
432700 64.684337
432800 72.361514
432900 70.660599
433000 76.004274
433100 83.797640
433200 81.067327
433300 73.461507
433400 70.766253
433500 76.502736
433600 73.793057
433700 75.799479
433800 71.851654
433900 83.552234
434000 89.842980
434100 86.247742
434200 87.806361
434300 94.702586
434400 110.860256
434500 107.252371
434600 101.982772
434700 111.946137
434800 102.302726
434900 102.231150
435000 103.479216
435100 87.813500
435200 100.964661
435300 96.889155
435400 96.355294
435500 91.350984
435600 85.061101
435700 85.922379
435800 85.064637
435900 84.925645
436000 85.469174
436100 79.339465
436200 85.526169
436300 79.973553
436400 81.113573
436500 75.161329
436600 66.187211
436700 70.347077
436800 69.492435
436900 67.260158
437000 68.974888
437100 73.263144
437200 82.234642
437300 80.409896
437400 65.205065
437500 65.519895
437600 68.211303
437700 75.638490
437800 76.739142
437900 76.210604
438000 82.803139
438100 81.087213
438200 82.651351
438300 90.486847
438400 100.339296
438500 106.924309
438600 109.890885
438700 104.129590
438800 106.493168
438900 109.376698
439000 109.029462
439100 103.016630
439200 107.969220
439300 109.523113
439400 108.471400
439500 109.428132
439600 108.285239
439700 116.637118
439800 108.261395
439900 112.761569
440000 97.630776
440100 97.430216
440200 105.651386
440300 108.441105
440400 119.796941
440500 136.785282
440600 133.679575
440700 130.664206
440800 126.677521
440900 128.948950
441000 121.254225
441100 115.514233
441200 125.550503
441300 115.367830
441400 115.440275
441500 100.325723
441600 104.689162
441700 106.766708
441800 92.472769
441900 95.307583
442000 100.742530
442100 106.002083
442200 99.594850
442300 90.748281
442400 90.475088
442500 89.710058
442600 73.036378
442700 73.736163
442800 76.315732
442900 75.552876
443000 79.592927
443100 74.592927
443200 72.850792
443300 73.182271
443400 67.079208
443500 70.266688
443600 85.118923
443700 86.581342
443800 86.545181
443900 86.641375
444000 84.680112
444100 80.123821
444200 78.493290
444300 70.452763
444400 77.687632
444500 85.447930
444600 89.641334
444700 110.902821
444800 101.688290
444900 101.157827
445000 94.922721
445100 87.412830
445200 96.954890
445300 102.138484
445400 109.475706
445500 90.555622
445600 79.585239
445700 90.497995
445800 79.636386
445900 81.793794
446000 68.930105
446100 72.148991
446200 73.823846
446300 63.655069
446400 71.759539
446500 66.027090
446600 77.414506
446700 84.385896
446800 98.787488
446900 93.169736
447000 94.004437
447100 93.512282
447200 88.276455
447300 83.551372
447400 73.728813
447500 77.502136
447600 80.465881
447700 86.817113
447800 85.457354
447900 85.715103
448000 73.008121
448100 70.321733
448200 76.783644
448300 63.525430
448400 67.657962
448500 64.119957
448600 65.978181
448700 72.989195
448800 80.777765
448900 68.235638
449000 64.569854
449100 68.289271
449200 63.928374
449300 73.084988
449400 69.372276
449500 64.579739
449600 72.769134
449700 73.464401
449800 72.042401
449900 77.647242
450000 77.413800
450100 72.301807
450200 77.158267
450300 79.496086
450400 83.404648
450500 71.705681
450600 77.056984
450700 76.383076
450800 75.176184
450900 60.149324
451000 58.394624
451100 58.795254
451200 55.883502
451300 58.109657
451400 59.937882
451500 57.571254
451600 68.363660
451700 67.742370
451800 59.130254
451900 61.448628
452000 52.011721
452100 52.872001
452200 56.387368
452300 58.659964
452400 52.825065
452500 57.344424
452600 52.995754
452700 61.916924
452800 59.113882
452900 58.074099
453000 46.693008
453100 45.095592
453200 35.868934
453300 41.280782
453400 45.738977
453500 49.985690
453600 52.781092
453700 52.600845
453800 50.849985
453900 58.745714
454000 62.052634
454100 63.350749
454200 67.835649
454300 69.156854
454400 76.017765
454500 81.342822
454600 86.476949
454700 83.687433
454800 89.455626
454900 89.451250
455000 85.289258
455100 85.783411
455200 81.492342
455300 87.836564
455400 78.727595
455500 77.448129
455600 76.354887
455700 71.494913
455800 68.108935
455900 66.961555
456000 73.693864
456100 72.436981
456200 70.761435
456300 74.084497
456400 74.131700
456500 64.084883
456600 62.177304
456700 57.709617
456800 60.250781
456900 60.393465
457000 59.267487
457100 54.697389
457200 64.603222
457300 71.009748
457400 73.898238
457500 75.989718
457600 76.201135
457700 84.294612
457800 76.653931
457900 88.707938
458000 92.623890
458100 91.265620
458200 82.234779
458300 82.070884
458400 75.146475
458500 68.712088
458600 63.058658
458700 67.797698
458800 65.582761
458900 67.186619
459000 68.493303
459100 61.278190
459200 68.469557
459300 63.023351
459400 67.257138
459500 59.666613
459600 72.921460
459700 79.867149
459800 80.686945
459900 87.045434
460000 83.613208
460100 86.025329
460200 88.251528
460300 91.185396
460400 92.915913
460500 88.005469
460600 95.549253
460700 104.521283
460800 101.639118
460900 95.878931
461000 84.089994
461100 83.228165
461200 86.063212
461300 89.223942
461400 82.941677
461500 100.935187
461600 99.388699
461700 108.409606
461800 115.043221
461900 120.378058
462000 114.792277
462100 113.391352
462200 115.086828
462300 117.087625
462400 112.459797
462500 101.897259
462600 98.688215
462700 100.968172
462800 90.592119
462900 92.205679
463000 83.185572
463100 81.210952
463200 83.666277
463300 77.442385
463400 77.270011
463500 74.783499
463600 72.373846
463700 73.129175
463800 70.406881
463900 60.250065
464000 65.779755
464100 66.246337
464200 69.752272
464300 67.893520
464400 60.423135
464500 56.100530
464600 63.781262
464700 64.254393
464800 59.205628
464900 53.221503
465000 52.400455
465100 54.386020
465200 55.338215
465300 54.182421
465400 57.480646
465500 57.638309
465600 63.837267
465700 68.518356
465800 72.404107
465900 68.236961
466000 62.821248
466100 71.600302
466200 64.261107
466300 59.032070
466400 55.080196
466500 48.793681
466600 51.380706
466700 47.251547
466800 42.639604
466900 45.813715
467000 53.543562
467100 59.587563
467200 53.660561
467300 57.986065
467400 58.425977
467500 61.410810
467600 63.730568
467700 64.818148
467800 59.744167
467900 58.572159
468000 53.634671
468100 51.743755
468200 45.243571
468300 45.309358
468400 47.985562
468500 47.692743
468600 49.355166
468700 53.559100
468800 49.182940
468900 46.694284
469000 54.843562
469100 53.146177
469200 62.565679
469300 64.730751
469400 66.534601
469500 79.077642
469600 69.513337
469700 72.823829
469800 69.935560
469900 65.763110
470000 65.468225
470100 58.183643
470200 55.927481
470300 54.175849
470400 56.081884
470500 64.402441
470600 64.927204
470700 60.555453
470800 58.345958
470900 41.750933
471000 40.270237
471100 40.068263
471200 39.331656
471300 37.418031
471400 41.048057
471500 39.897890
471600 43.199007
471700 38.474973
471800 47.154265
471900 45.117376
472000 46.591261
472100 41.325392
472200 39.344214
472300 41.159108
472400 43.423209
472500 43.928169
472600 44.967067
472700 40.799874
472800 45.741820
472900 46.541523
473000 47.711175
473100 44.553184
473200 43.310968
473300 48.873836
473400 43.269095
473500 38.075306
473600 41.634758
473700 41.112359
473800 43.404171
473900 51.449865
474000 53.101576
474100 55.388481
474200 52.111660
474300 51.827070
474400 54.118024
474500 51.773879
474600 54.476845
474700 47.774129
474800 49.831384
474900 53.401635
475000 52.088716
475100 48.791095
475200 50.463203
475300 50.758382
475400 57.615885
475500 58.137583
475600 56.869192
475700 55.625982
475800 47.490571
475900 53.245689
476000 51.127237
476100 51.024212
476200 51.204855
476300 47.244497
476400 54.693959
476500 63.463916
476600 65.889488
476700 63.410944
476800 56.387649
476900 60.270326
477000 57.258170
477100 56.162481
477200 53.261088
477300 52.749900
477400 60.579968
477500 58.115890
477600 60.233089
477700 54.157348
477800 61.383605
477900 53.655042
478000 60.464795
478100 64.752440
478200 66.531461
478300 60.267963
478400 51.901051
478500 50.910491
478600 48.129302
478700 60.431055
478800 59.609728
478900 62.504266
479000 59.528708
479100 61.491598
479200 53.597804
479300 50.416828
479400 51.901190
479500 51.158987
479600 53.544410
479700 53.877535
479800 63.014295
479900 62.499346
480000 54.864080
480100 47.840898
480200 48.581241
480300 52.193651
480400 47.679700
480500 45.890469
480600 41.424638
480700 49.993450
480800 49.141426
480900 48.817692
481000 45.090751
481100 46.246305
481200 45.191348
481300 46.274743
481400 42.149427
481500 42.853639
481600 46.497236
481700 45.900983
481800 52.837325
481900 42.106134
482000 39.033225
482100 48.209516
482200 43.374177
482300 43.519967
482400 38.624637
482500 36.697697
482600 37.464404
482700 38.965843
482800 38.157074
482900 49.180991
483000 45.380949
483100 37.763674
483200 40.263905
483300 44.619484
483400 42.044425
483500 44.931119
483600 47.381151
483700 50.745339
483800 45.399637
483900 44.651079
484000 46.442132
484100 44.602915
484200 49.098696
484300 45.444636
484400 43.638966
484500 42.340609
484600 46.733915
484700 49.000716
484800 50.549360
484900 46.800503
485000 45.463341
485100 41.655827
485200 45.347605
485300 50.082105
485400 50.303109
485500 48.101033
485600 43.128268
485700 37.301996
485800 41.854412
485900 44.805224
486000 38.527590
486100 37.024327
486200 46.174609
486300 47.170430
486400 47.352280
486500 44.618494
486600 42.159062
486700 44.762430
486800 50.822832
486900 47.877212
487000 45.965867
487100 44.564464
487200 47.979235
487300 49.886472
487400 49.200935
487500 45.752974
487600 44.050304
487700 47.102394
487800 51.948331
487900 51.744601
488000 41.182777
488100 42.174236
488200 48.079294
488300 46.526247
488400 39.014833
488500 34.031794
488600 32.647219
488700 37.582771
488800 35.374511
488900 37.650842
489000 34.082614
489100 35.377141
489200 35.798381
489300 42.538477
489400 43.041516
489500 37.362868
489600 30.138297
489700 27.467220
489800 24.700712
489900 27.346214
490000 24.421041
490100 30.142724
490200 38.519459
490300 36.075979
490400 30.868668
490500 34.512261
490600 34.796354
490700 37.392911
490800 31.991255
490900 32.725412
491000 38.152378
491100 34.841551
491200 40.268499
491300 42.534339
491400 46.273376
491500 42.292213
491600 38.902635
491700 31.615572
491800 33.835566
491900 30.432687
492000 38.277607
492100 44.982896
492200 39.657578
492300 37.885081
492400 38.907218
492500 42.232972
492600 39.566011
492700 37.686221
492800 30.867404
492900 34.523604
493000 39.185007
493100 37.135585
493200 50.968399
493300 47.709167
493400 52.770214
493500 54.402716
493600 57.030590
493700 56.250921
493800 64.354110
493900 58.183744
494000 48.920226
494100 50.556243
494200 58.358274
494300 65.738110
494400 61.236228
494500 60.236558
494600 66.826366
494700 59.399592
494800 65.422689
494900 62.093842
495000 66.131079
495100 66.386225
495200 68.099834
495300 56.009114
495400 62.006060
495500 61.341321
495600 63.962774
495700 69.401400
495800 58.934351
495900 57.794401
496000 52.963332
496100 48.074437
496200 51.978480
496300 56.101308
496400 61.922855
496500 65.239260
496600 56.785327
496700 47.864461
496800 49.315537
496900 50.921505
497000 49.758700
497100 48.690946
497200 50.310839
497300 60.413596
497400 65.321616
497500 64.838261
497600 61.906269
497700 63.138828
497800 61.563778
497900 60.901894
498000 45.988489
498100 50.069421
498200 50.708093
498300 42.967875
498400 43.672415
498500 52.335081
498600 47.399721
498700 52.593367
498800 54.148226
498900 59.496526
499000 59.095934
499100 64.423217
499200 52.367878
499300 54.267823
499400 53.575023
499500 58.029800
499600 52.367317
499700 46.544657
499800 46.717753
499900 46.237891
