    0.00      0.00      0.00      0.00      0.00      0.00      0.00      0.00      0.00      0.00      0.00      0.00      0.00      0.00      0.00      0.00      0.00      0.00      0.00      0.00      0.00      0.00      0.00      0.00  
    0.00      0.00      0.00      0.00      0.00      0.00      0.00      0.00      0.00      0.00      0.00      0.00      0.00      0.00      0.00      0.00      0.00      0.00      0.00      0.00      0.00      0.00      0.00      0.00  
<<<<<<< HEAD
    0.00      0.00      0.00      0.00      0.00      0.00      0.00      0.00      0.00      0.00      0.00      0.00      0.00      0.00      0.00      0.00      0.00      0.00      0.00      0.00      0.00      0.00      0.00      0.00  
    0.00      0.00      1.00     36.00     16.00      2.00      1.00      3.00      3.00      1.00      0.00      0.00      0.00      0.00      0.00      1.00      0.00      1.00      0.00      1.00      1.00      0.00      0.00      0.00  
    0.00      0.00      9.00     83.00     44.00     10.00      5.00      2.00      7.00      2.00      3.00      0.00      1.00      2.00      4.00      0.00      1.00      2.00      4.00      3.00      0.00      0.00      0.00      0.00  
    0.00      0.00     15.00     90.00     54.00      9.00      2.00      1.00      1.00      2.00      0.00      2.00      2.00      0.00      2.00      2.00      1.00      2.00      5.00      5.00      3.00      0.00      0.00      0.00  
    0.00      0.00      7.00     80.00     33.00      2.00      3.00      1.00      1.00      2.00      2.00      1.00      0.00      2.00      1.00      0.00      1.00      2.00      0.00      2.00      5.00      0.00      0.00      0.00  
    0.00      0.00      6.00     53.00     20.00      3.00      3.00      5.00      0.00      2.00      2.00      0.00      0.00      2.00      3.00      5.00      0.00      3.00      5.00      4.00      5.00      2.00      0.00      0.00  
    0.00      0.00      3.00     44.00     23.00      4.00      1.00      2.00      2.00      1.00      2.00      0.00      3.00      2.00      3.00      3.00      5.00      0.00      1.00      2.00      8.00      0.00      0.00      0.00  
    0.00      0.00      5.00     46.00     45.00      9.00      8.00      5.00      5.00      3.00      2.00      0.00      4.00      5.00      8.00      7.00      8.00      6.00      1.00      5.00      6.00      0.00      0.00      0.00  
    0.00      0.00      2.00     63.00     37.00     17.00      5.00     10.00      5.00      1.00      2.00      2.00      4.00      9.00     16.00     21.00      4.00      3.00      1.00      1.00      2.00      0.00      0.00      0.00  
    0.00      0.00      3.00     64.00     71.00     34.00     22.00     15.00      5.00      3.00      1.00      7.00      7.00     15.00     15.00     18.00     13.00     10.00     10.00      2.00      2.00      2.00      0.00      0.00  
    0.00      0.00      3.00    103.00     86.00     59.00     34.00     14.00      4.00      0.00      7.00      6.00      7.00     15.00     34.00     20.00     17.00     21.00     17.00      4.00      1.00      0.00      0.00      0.00  
    0.00      0.00      0.00     54.00     51.00     59.00     37.00     15.00      4.00      4.00     11.00      7.00      6.00     17.00     22.00      7.00     25.00     30.00     29.00      8.00      7.00      0.00      0.00      0.00  
    0.00      0.00      0.00     42.00     27.00     46.00     44.00     11.00     10.00     15.00     21.00     10.00     17.00     14.00     13.00     21.00     22.00     33.00     32.00     22.00      7.00      2.00      0.00      0.00  
    0.00      0.00      0.00     31.00     17.00     25.00     16.00      8.00      8.00     17.00     18.00     24.00      5.00     13.00     14.00     12.00     29.00     22.00     20.00     17.00     17.00      2.00      0.00      0.00  
    0.00      0.00      4.00     21.00      7.00     14.00     12.00      7.00      5.00      6.00     15.00     13.00      5.00      9.00     11.00     20.00      9.00     11.00     18.00     26.00     15.00      4.00      0.00      0.00  
    0.00      0.00      0.00     14.00      7.00      4.00      1.00      2.00      4.00      3.00      3.00      1.00      0.00     17.00     26.00     18.00      5.00      6.00     19.00     16.00     20.00      6.00      0.00      0.00  
    0.00      0.00      0.00     17.00      8.00      0.00      2.00      4.00      3.00      0.00      1.00      1.00      1.00     14.00     13.00      4.00      1.00      9.00      7.00      8.00     13.00      5.00      0.00      0.00  
    0.00      0.00      3.00      9.00      2.00      1.00      0.00      1.00      7.00      3.00      8.00     10.00     18.00     12.00      9.00      7.00      2.00      2.00      7.00     13.00     19.00      0.00      0.00      0.00  
    0.00      0.00      1.00      3.00      0.00      0.00      0.00      1.00      5.00     13.00     13.00     24.00     27.00      9.00      4.00      2.00      0.00      1.00      2.00      6.00     10.00      3.00      0.00      0.00  
    0.00      0.00      0.00      1.00      0.00      0.00      0.00      0.00      1.00     11.00      9.00     28.00     15.00     11.00      7.00      1.00      0.00      0.00      0.00      1.00      2.00      0.00      0.00      0.00  
    0.00      0.00      0.00      1.00      0.00      0.00      0.00      1.00      0.00      3.00      8.00      7.00      7.00      8.00      2.00      0.00      0.00      0.00      0.00      0.00      0.00      1.00      0.00      0.00  
    0.00      0.00      0.00      0.00      0.00      0.00      0.00      0.00      1.00      1.00      0.00      0.00      2.00      3.00      0.00      0.00      0.00      0.00      0.00      0.00      0.00      0.00      0.00      0.00  
    0.00      0.00      0.00      0.00      0.00      0.00      0.00      0.00      0.00      0.00      0.00      0.00      0.00      0.00      0.00      0.00      0.00      0.00      0.00      0.00      0.00      0.00      0.00      0.00  
    0.00      0.00      0.00      0.00      0.00      0.00      0.00      0.00      0.00      0.00      0.00      0.00      0.00      0.00      0.00      0.00      0.00      0.00      0.00      0.00      0.00      0.00      0.00      0.00  
    0.00      0.00      0.00      0.00      0.00      0.00      0.00      0.00      0.00      0.00      0.00      0.00      0.00      0.00      0.00      0.00      0.00      0.00      0.00      0.00      0.00      0.00      0.00      0.00  
    0.00      0.00      0.00      0.00      0.00      0.00      0.00      0.00      0.00      0.00      0.00      0.00      0.00      0.00      0.00      0.00      0.00      0.00      0.00      0.00      0.00      0.00      0.00      0.00  
    0.00      0.00      0.00      0.00      0.00      0.00      0.00      0.00      0.00      0.00      0.00      0.00      0.00      0.00      0.00      0.00      0.00      0.00      0.00      0.00      0.00      0.00      0.00      0.00  
    0.00      0.00      0.00      0.00      0.00      0.00      0.00      0.00      0.00      0.00      0.00      0.00      0.00      0.00      0.00      0.00      0.00      0.00      0.00      0.00      0.00      0.00      0.00      0.00  
    0.00      0.00      0.00      0.00      0.00      0.00      0.00      0.00      0.00      0.00      0.00      0.00      0.00      0.00      0.00      0.00      0.00      0.00      0.00      0.00      0.00      0.00      0.00      0.00  
    0.00      0.00      0.00      0.00      0.00      0.00      0.00      0.00      0.00      1.00      3.00      7.00      5.00      2.00      0.00      0.00      0.00      0.00      0.00      0.00      0.00      0.00      0.00      0.00  
    0.00      0.00      0.00      0.00      0.00      0.00      0.00      0.00      0.00     16.00     34.00     34.00     25.00     15.00      2.00      0.00      0.00      0.00      0.00      0.00      0.00      0.00      0.00      0.00  
    0.00      0.00      0.00      0.00      0.00      0.00      0.00      0.00      5.00     32.00     33.00     47.00     31.00     35.00     17.00      0.00      0.00      0.00      0.00      0.00      0.00      0.00      0.00      0.00  
    0.00      0.00      0.00      0.00      0.00      0.00      0.00      1.00     19.00     24.00     30.00     38.00     39.00     36.00     37.00     22.00      0.00      0.00      0.00      0.00      0.00      0.00      0.00      0.00  
    0.00      0.00      0.00      0.00      0.00      0.00      0.00      5.00     25.00     31.00     21.00     33.00     33.00     24.00     52.00     26.00      8.00      0.00      0.00      0.00      0.00      0.00      0.00      0.00  
    0.00      0.00      0.00      0.00      0.00      0.00      0.00      9.00     31.00     33.00     23.00     23.00     22.00     20.00     28.00     26.00     17.00      0.00      0.00      0.00      0.00      0.00      0.00      0.00  
    0.00      0.00      0.00      0.00      0.00      0.00      0.00      7.00     25.00     18.00     31.00     26.00     17.00     21.00     22.00     28.00     24.00      1.00      0.00      0.00      0.00      0.00      0.00      0.00  
    0.00      0.00      0.00      0.00      0.00      0.00      0.00     15.00     23.00     20.00     19.00     15.00     18.00     22.00     17.00     28.00     30.00      4.00      0.00      0.00      0.00      0.00      0.00      0.00  
    0.00      0.00      0.00      0.00      0.00      0.00      0.00     17.00     23.00     22.00     11.00     11.00     19.00     24.00     24.00     24.00     20.00      8.00      0.00      0.00      0.00      0.00      0.00      0.00  
    0.00      0.00      0.00      0.00      0.00      0.00      1.00     24.00     17.00     20.00     26.00     26.00     18.00     18.00     16.00     18.00     25.00     19.00      0.00      0.00      0.00      0.00      0.00      0.00  
    0.00      0.00      0.00      0.00      0.00      0.00      1.00     26.00     27.00     17.00     17.00     18.00     16.00     12.00     16.00     15.00     22.00     10.00      1.00      0.00      0.00      0.00      0.00      0.00  
    0.00      0.00      0.00      0.00      0.00      0.00      1.00     20.00     21.00     16.00     15.00     18.00     17.00     19.00     11.00     21.00     12.00     10.00      4.00      0.00      0.00      0.00      0.00      0.00  
    0.00      0.00      0.00      0.00      0.00      0.00      1.00     27.00     15.00     17.00     10.00      6.00     11.00     11.00     10.00     12.00     17.00     12.00      1.00      0.00      0.00      0.00      0.00      0.00  
    0.00      0.00      0.00      0.00      0.00      0.00      1.00     25.00     15.00      6.00     15.00      9.00      8.00      9.00      5.00     11.00     13.00     12.00      0.00      0.00      0.00      0.00      0.00      0.00  
    0.00      0.00      0.00      0.00      0.00      0.00      3.00     26.00     14.00      5.00     12.00      7.00      6.00     13.00     10.00     12.00      9.00     15.00      3.00      0.00      0.00      0.00      0.00      0.00  
    0.00      0.00      0.00      0.00      0.00      0.00      0.00     20.00     26.00     12.00     15.00      7.00     10.00      4.00      6.00      8.00      6.00     11.00      0.00      0.00      0.00      0.00      0.00      0.00  
    0.00      0.00      0.00      0.00      0.00      0.00      0.00     11.00     22.00     29.00     20.00      5.00      3.00      9.00     10.00      9.00      7.00     13.00      1.00      0.00      0.00      0.00      0.00      0.00  
    0.00      0.00      0.00      0.00      0.00      0.00      0.00     15.00     12.00     19.00     14.00      9.00      5.00      3.00      6.00      8.00     11.00     11.00      2.00      0.00      0.00      0.00      0.00      0.00  
    0.00      0.00      0.00      0.00      0.00      0.00      0.00     16.00      7.00      5.00     12.00      7.00      3.00      9.00      6.00      9.00      8.00     10.00      0.00      0.00      0.00      0.00      0.00      0.00  
    0.00      0.00      0.00      0.00      0.00      0.00      0.00     14.00     10.00      7.00      2.00      9.00      5.00      4.00      7.00      4.00     11.00     11.00      0.00      0.00      0.00      0.00      0.00      0.00  
    0.00      0.00      0.00      0.00      0.00      0.00      0.00      5.00     10.00     10.00      2.00      2.00      5.00      7.00      9.00      6.00      2.00     10.00      1.00      0.00      0.00      0.00      0.00      0.00  
    0.00      0.00      0.00      0.00      0.00      0.00      0.00      8.00      6.00      4.00      3.00      2.00      7.00      3.00      2.00      5.00      3.00      3.00      0.00      0.00      0.00      0.00      0.00      0.00  
    0.00      0.00      0.00      0.00      0.00      0.00      0.00      3.00      2.00      6.00      3.00      5.00      3.00      5.00      1.00      6.00      3.00      6.00      1.00      0.00      0.00      0.00      0.00      0.00  
    0.00      0.00      0.00      0.00      0.00      0.00      1.00      4.00      3.00      1.00      3.00      2.00      0.00      3.00      4.00      8.00      7.00     11.00      0.00      0.00      0.00      0.00      0.00      0.00  
    0.00      0.00      0.00      0.00      0.00      0.00      0.00      7.00      0.00      1.00      2.00      2.00      0.00      0.00      1.00      8.00     11.00     12.00      4.00      0.00      0.00      0.00      0.00      0.00  
    0.00      0.00      0.00      0.00      0.00      0.00      1.00      3.00      1.00      3.00      2.00      1.00      2.00      0.00      1.00     17.00     23.00     21.00      9.00      0.00      0.00      0.00      0.00      0.00  
    0.00      0.00      0.00      0.00      0.00      0.00      1.00      3.00      2.00      0.00      0.00      2.00      1.00      0.00      0.00     12.00     34.00     31.00      5.00      0.00      0.00      0.00      0.00      0.00  
    0.00      0.00      0.00      0.00      0.00      0.00      0.00      0.00      3.00      1.00      1.00      1.00      0.00      0.00      1.00      4.00     20.00     26.00      7.00      0.00      0.00      0.00      0.00      0.00  
    0.00      0.00      0.00      0.00      0.00      0.00      0.00      2.00      2.00      0.00      1.00      1.00      2.00      2.00      1.00      2.00      3.00     20.00      7.00      0.00      0.00      0.00      0.00      0.00  
    0.00      0.00      0.00      0.00      0.00      0.00      0.00      0.00      2.00      1.00      0.00      0.00      0.00      0.00      1.00      0.00      5.00      5.00      1.00      0.00      0.00      0.00      0.00      0.00  
    0.00      0.00      0.00      0.00      0.00      0.00      0.00      3.00      1.00      3.00      0.00      0.00      0.00      0.00      1.00      2.00      1.00      4.00      1.00      0.00      0.00      0.00      0.00      0.00  
    0.00      0.00      0.00      0.00      0.00      0.00      0.00      0.00      1.00      4.00      0.00      0.00      1.00      0.00      0.00      3.00      1.00      4.00      1.00      0.00      0.00      0.00      0.00      0.00  
    0.00      0.00      0.00      0.00      0.00      0.00      0.00      2.00      2.00      1.00      0.00      2.00      1.00      0.00      2.00      2.00      4.00      2.00      1.00      0.00      0.00      0.00      0.00      0.00  
    0.00      0.00      0.00      0.00      0.00      0.00      0.00      0.00      2.00      2.00      2.00      0.00      0.00      0.00      0.00      2.00      5.00      3.00      0.00      0.00      0.00      0.00      0.00      0.00  
    0.00      0.00      0.00      0.00      0.00      0.00      0.00      0.00      3.00      3.00      0.00      2.00      0.00      0.00      1.00      1.00      1.00      0.00      1.00      0.00      0.00      0.00      0.00      0.00  
    0.00      0.00      0.00      0.00      0.00      0.00      0.00      0.00      0.00      1.00      1.00      1.00      0.00      0.00      0.00      1.00      1.00      0.00      1.00      0.00      0.00      0.00      0.00      0.00  
    0.00      0.00      0.00      0.00      0.00      0.00      0.00      0.00      2.00      5.00      3.00      2.00      2.00      1.00      0.00      3.00      5.00      1.00      1.00      0.00      0.00      0.00      0.00      0.00  
    0.00      0.00      0.00      0.00      0.00      0.00      0.00      0.00     12.00      4.00      0.00      1.00      1.00      0.00      0.00      0.00      2.00      4.00      0.00      0.00      0.00      0.00      0.00      0.00  
    0.00      0.00      0.00      0.00      0.00      0.00      0.00      0.00      3.00      4.00      0.00      1.00      0.00      0.00      0.00      1.00      2.00      0.00      1.00      0.00      0.00      0.00      0.00      0.00  
    0.00      0.00      0.00      0.00      0.00      0.00      0.00      0.00      1.00      1.00      1.00      0.00      0.00      0.00      0.00      2.00      0.00      1.00      0.00      0.00      0.00      0.00      0.00      0.00  
    0.00      0.00      0.00      0.00      0.00      0.00      0.00      0.00      0.00      0.00      0.00      0.00      0.00      0.00      0.00      0.00      0.00      0.00      1.00      0.00      0.00      0.00      0.00      0.00  
    0.00      0.00      0.00      0.00      0.00      0.00      0.00      0.00      0.00      0.00      0.00      0.00      0.00      0.00      0.00      0.00      0.00      0.00      0.00      0.00      0.00      0.00      0.00      0.00  
    0.00      0.00      0.00      0.00      0.00      0.00      0.00      0.00      0.00      0.00      0.00      1.00      0.00      0.00      0.00      0.00      0.00      0.00      0.00      0.00      0.00      0.00      0.00      0.00  
    0.00      0.00      0.00      0.00      0.00      0.00      0.00      0.00      0.00      0.00      0.00      0.00      0.00      0.00      0.00      0.00      0.00      0.00      0.00      0.00      0.00      0.00      0.00      0.00  
    0.00      0.00      0.00      0.00      0.00      0.00      0.00      0.00      0.00      0.00      0.00      0.00      0.00      0.00      0.00      1.00      0.00      0.00      0.00      0.00      0.00      0.00      0.00      0.00  
    0.00      0.00      0.00      0.00      0.00      0.00      0.00      0.00      0.00      0.00      0.00      0.00      0.00      0.00      0.00      0.00      0.00      0.00      0.00      0.00      0.00      0.00      0.00      0.00  
    0.00      0.00      0.00      0.00      0.00      0.00      0.00      0.00      0.00      0.00      0.00      0.00      0.00      0.00      0.00      0.00      0.00      0.00      0.00      0.00      0.00      0.00      0.00      0.00  
    0.00      0.00      0.00      0.00      0.00      0.00      0.00      0.00      0.00      0.00      0.00      0.00      0.00      0.00      0.00      0.00      0.00      0.00      0.00      0.00      0.00      0.00      0.00      0.00  
    0.00      0.00      0.00      0.00      0.00      0.00      0.00      0.00      0.00      0.00      0.00      0.00      0.00      0.00      0.00      0.00      0.00      0.00      0.00      0.00      0.00      0.00      0.00      0.00  
    0.00      0.00      0.00      0.00      0.00      0.00      0.00      0.00      0.00      0.00      0.00      0.00      0.00      0.00      0.00      0.00      0.00      0.00      0.00      0.00      0.00      0.00      0.00      0.00  
    0.00      0.00      0.00      0.00      0.00      0.00      0.00      0.00      0.00      0.00      0.00      0.00      0.00      0.00      0.00      0.00      0.00      0.00      0.00      0.00      0.00      0.00      0.00      0.00  
    0.00      0.00      0.00      0.00      0.00      0.00      0.00      0.00      0.00      0.00      0.00      0.00      0.00      0.00      0.00      0.00      0.00      0.00      0.00      0.00      0.00      0.00      0.00      0.00  
    0.00      0.00      0.00      0.00      0.00      0.00      0.00      0.00      0.00      0.00      0.00      0.00      0.00      0.00      0.00      0.00      0.00      0.00      0.00      0.00      0.00      0.00      0.00      0.00  
    0.00      0.00      0.00      0.00      0.00      0.00      0.00      0.00      0.00      0.00      0.00      0.00      0.00      0.00      0.00      0.00      0.00      0.00      0.00      0.00      0.00      0.00      0.00      0.00  
    0.00      0.00      0.00      0.00      0.00      0.00      0.00      0.00      0.00      0.00      0.00      0.00      0.00      0.00      0.00      0.00      0.00      0.00      0.00      0.00      0.00      0.00      0.00      0.00  
    0.00      0.00      0.00      0.00      0.00      0.00      0.00      0.00      0.00      0.00      0.00      0.00      0.00      0.00      0.00      0.00      0.00      0.00      0.00      0.00      0.00      0.00      0.00      0.00  
    0.00      0.00      0.00      0.00      0.00      0.00      0.00      0.00      0.00      0.00      0.00      0.00      0.00      0.00      0.00      0.00      0.00      0.00      0.00      0.00      0.00      0.00      0.00      0.00  
    0.00      0.00      0.00      0.00      0.00      0.00      0.00      0.00      0.00      0.00      0.00      0.00      0.00      0.00      0.00      0.00      0.00      0.00      0.00      0.00      0.00      0.00      0.00      0.00  
    0.00      0.00      0.00      0.00      0.00      0.00      0.00      0.00      0.00      0.00      0.00      0.00      0.00      0.00      0.00      0.00      0.00      0.00      0.00      0.00      0.00      0.00      0.00      0.00  
    0.00      0.00      0.00      0.00      0.00      0.00      0.00      0.00      0.00      0.00      0.00      0.00      0.00      0.00      0.00      0.00      0.00      0.00      0.00      0.00      0.00      0.00      0.00      0.00  
    0.00      0.00      0.00      0.00      0.00      0.00      0.00      0.00      0.00      0.00      0.00      0.00      0.00      0.00      0.00      0.00      0.00      0.00      0.00      0.00      0.00      0.00      0.00      0.00  
    0.00      0.00      0.00      0.00      0.00      0.00      0.00      0.00      0.00      0.00      0.00      0.00      0.00      0.00      0.00      0.00      0.00      0.00      0.00      0.00      0.00      0.00      0.00      0.00  
    0.00      0.00      0.00      0.00      0.00      0.00      0.00      0.00      0.00      0.00      0.00      0.00      0.00      0.00      0.00      0.00      0.00      0.00      0.00      0.00      0.00      0.00      0.00      0.00  
    0.00      0.00      0.00      0.00      0.00      0.00      0.00      0.00      0.00      0.00      0.00      0.00      0.00      0.00      0.00      0.00      0.00      0.00      0.00      0.00      0.00      0.00      0.00      0.00  
    0.00      0.00      0.00      0.00      0.00      0.00      0.00      0.00      0.00      0.00      0.00      0.00      0.00      0.00      0.00      0.00      0.00      0.00      0.00      0.00      0.00      0.00      0.00      0.00  
    0.00      0.00      0.00      0.00      0.00      0.00      0.00      0.00      0.00      0.00      0.00      0.00      0.00      0.00      0.00      0.00      0.00      0.00      0.00      0.00      0.00      0.00      0.00      0.00  
    0.00      0.00      0.00      0.00      0.00      0.00      0.00      0.00      0.00      0.00      0.00      0.00      0.00      0.00      0.00      0.00      0.00      0.00      0.00      0.00      0.00      0.00      0.00      0.00  
    0.00      0.00      0.00      0.00      0.00      0.00      0.00      0.00      0.00      0.00      0.00      0.00      0.00      0.00      0.00      0.00      0.00      0.00      0.00      0.00      0.00      0.00      0.00      0.00  
    0.00      0.00      0.00      0.00      0.00      0.00      0.00      0.00      0.00      0.00      0.00      0.00      0.00      0.00      0.00      0.00      0.00      0.00      0.00      0.00      0.00      0.00      0.00      0.00  
    0.00      0.00      0.00      0.00      0.00      0.00      0.00      0.00      0.00      0.00      0.00      0.00      0.00      0.00      0.00      0.00      0.00      0.00      0.00      0.00      0.00      0.00      0.00      0.00  
    0.00      0.00      0.00      0.00      0.00      0.00      0.00      0.00      0.00      0.00      0.00      0.00      0.00      0.00      0.00      0.00      0.00      0.00      0.00      0.00      0.00      0.00      0.00      0.00  
    0.00      0.00      0.00      0.00      0.00      0.00      0.00      0.00      0.00      0.00      0.00      0.00      0.00      0.00      0.00      0.00      0.00      0.00      0.00      0.00      0.00      0.00      0.00      0.00  
    0.00      0.00      0.00      0.00      0.00      0.00      0.00      0.00      0.00      0.00      0.00      0.00      0.00      0.00      0.00      0.00      0.00      0.00      0.00      0.00      0.00      0.00      0.00      0.00  
    0.00      0.00      0.00      0.00      0.00      0.00      0.00      0.00      0.00      0.00      0.00      0.00      0.00      0.00      0.00      0.00      0.00      0.00      0.00      0.00      0.00      0.00      0.00      0.00  
    0.00      0.00      0.00      0.00      0.00      0.00      0.00      0.00      0.00      0.00      0.00      0.00      0.00      0.00      0.00      0.00      0.00      0.00      0.00      0.00      0.00      0.00      0.00      0.00  
    0.00      0.00      0.00      0.00      0.00      0.00      0.00      0.00      0.00      0.00      0.00      0.00      0.00      0.00      0.00      0.00      0.00      0.00      0.00      0.00      0.00      0.00      0.00      0.00  
    0.00      0.00      0.00      0.00      0.00      0.00      0.00      0.00      0.00      0.00      0.00      0.00      0.00      0.00      0.00      0.00      0.00      0.00      0.00      0.00      0.00      0.00      0.00      0.00  
    0.00      0.00      0.00      0.00      0.00      0.00      0.00      0.00      0.00      0.00      0.00      0.00      0.00      0.00      0.00      0.00      0.00      0.00      0.00      0.00      0.00      0.00      0.00      0.00  
    0.00      0.00      0.00      0.00      0.00      0.00      0.00      0.00      0.00      0.00      0.00      0.00      0.00      0.00      0.00      0.00      0.00      0.00      0.00      0.00      0.00      0.00      0.00      0.00  
    0.00      0.00      0.00      0.00      0.00      0.00      0.00      0.00      0.00      0.00      0.00      0.00      0.00      0.00      0.00      0.00      0.00      0.00      0.00      0.00      0.00      0.00      0.00      0.00  
    0.00      0.00      0.00      0.00      0.00      0.00      0.00      0.00      0.00      0.00      0.00      0.00      0.00      0.00      0.00      0.00      0.00      0.00      0.00      0.00      0.00      0.00      0.00      0.00  
    0.00      0.00      0.00      0.00      0.00      0.00      0.00      0.00      0.00      0.00      0.00      0.00      0.00      0.00      0.00      0.00      0.00      0.00      0.00      0.00      0.00      0.00      0.00      0.00  
    0.00      0.00      0.00      0.00      0.00      0.00      0.00      0.00      0.00      0.00      0.00      0.00      0.00      0.00      0.00      0.00      0.00      0.00      0.00      0.00      0.00      0.00      0.00      0.00  
    0.00      0.00      0.00      0.00      0.00      0.00      0.00      0.00      0.00      0.00      0.00      0.00      0.00      0.00      0.00      0.00      0.00      0.00      0.00      0.00      0.00      0.00      0.00      0.00  
    0.00      0.00      0.00      0.00      0.00      0.00      0.00      0.00      0.00      0.00      0.00      0.00      0.00      0.00      0.00      0.00      0.00      0.00      0.00      0.00      0.00      0.00      0.00      0.00  
    0.00      0.00      0.00      0.00      0.00      0.00      0.00      0.00      0.00      0.00      0.00      0.00      0.00      0.00      0.00      0.00      0.00      0.00      0.00      0.00      0.00      0.00      0.00      0.00  
    0.00      0.00      0.00      0.00      0.00      0.00      0.00      0.00      0.00      0.00      0.00      0.00      0.00      0.00      0.00      0.00      0.00      0.00      0.00      0.00      0.00      0.00      0.00      0.00  
    0.00      0.00      0.00      0.00      0.00      0.00      0.00      0.00      0.00      0.00      0.00      0.00      0.00      0.00      0.00      0.00      0.00      0.00      0.00      0.00      0.00      0.00      0.00      0.00  
    0.00      0.00      0.00      0.00      0.00      0.00      0.00      0.00      0.00      0.00      0.00      0.00      0.00      0.00      0.00      0.00      0.00      0.00      0.00      0.00      0.00      0.00      0.00      0.00  
    0.00      0.00      0.00      0.00      0.00      0.00      0.00      0.00      0.00      0.00      0.00      0.00      0.00      0.00      0.00      0.00      0.00      0.00      0.00      0.00      0.00      0.00      0.00      0.00  
    0.00      0.00      0.00      0.00      0.00      0.00      0.00      0.00      0.00      0.00      0.00      0.00      0.00      0.00      0.00      0.00      0.00      0.00      0.00      0.00      0.00      0.00      0.00      0.00  
    0.00      0.00      0.00      0.00      0.00      0.00      0.00      0.00      0.00      0.00      0.00      0.00      0.00      0.00      0.00      0.00      0.00      0.00      0.00      0.00      0.00      0.00      0.00      0.00  
    0.00      0.00      0.00      0.00      0.00      0.00      0.00      0.00      0.00      0.00      0.00      0.00      0.00      0.00      0.00      0.00      0.00      0.00      0.00      0.00      0.00      0.00      0.00      0.00  
    0.00      0.00      0.00      0.00      0.00      0.00      0.00      0.00      0.00      0.00      0.00      0.00      0.00      0.00      0.00      0.00      0.00      0.00      0.00      0.00      0.00      0.00      0.00      0.00  
    0.00      0.00      0.00      0.00      0.00      0.00      0.00      0.00      0.00      0.00      0.00      0.00      0.00      0.00      0.00      0.00      0.00      0.00      0.00      0.00      0.00      0.00      0.00      0.00  
    0.00      0.00      0.00      0.00      0.00      0.00      0.00      0.00      0.00      0.00      0.00      0.00      0.00      0.00      0.00      0.00      0.00      0.00      0.00      0.00      0.00      0.00      0.00      0.00  
    0.00      0.00      0.00      0.00      0.00      0.00      0.00      0.00      0.00      0.00      0.00      0.00      0.00      0.00      0.00      0.00      0.00      0.00      0.00      0.00      0.00      0.00      0.00      0.00  
    0.00      0.00      0.00      0.00      0.00      0.00      0.00      0.00      0.00      0.00      0.00      0.00      0.00      0.00      0.00      0.00      0.00      0.00      0.00      0.00      0.00      0.00      0.00      0.00  
    0.00      0.00      0.00      0.00      0.00      0.00      0.00      0.00      0.00      0.00      0.00      0.00      0.00      0.00      0.00      0.00      0.00      0.00      0.00      0.00      0.00      0.00      0.00      0.00  
    0.00      0.00      0.00      0.00      0.00      0.00      0.00      0.00      0.00      0.00      0.00      0.00      0.00      0.00      0.00      0.00      0.00      0.00      0.00      0.00      0.00      0.00      0.00      0.00  
    0.00      0.00      0.00      0.00      0.00      0.00      0.00      0.00      0.00      0.00      0.00      0.00      0.00      0.00      0.00      0.00      0.00      0.00      0.00      0.00      0.00      0.00      0.00      0.00  
    0.00      0.00      0.00      0.00      0.00      0.00      0.00      0.00      0.00      0.00      0.00      0.00      0.00      0.00      0.00      0.00      0.00      0.00      0.00      0.00      0.00      0.00      0.00      0.00  
    0.00      0.00      0.00      0.00      0.00      0.00      0.00      0.00      0.00      0.00      0.00      0.00      0.00      0.00      0.00      0.00      0.00      0.00      0.00      0.00      0.00      0.00      0.00      0.00  
    0.00      0.00      0.00      0.00      0.00      0.00      0.00      0.00      0.00      0.00      0.00      0.00      0.00      0.00      0.00      0.00      0.00      0.00      0.00      0.00      0.00      0.00      0.00      0.00  
    0.00      0.00      0.00      0.00      0.00      0.00      0.00      0.00      0.00      0.00      0.00      0.00      0.00      0.00      0.00      0.00      0.00      0.00      0.00      0.00      0.00      0.00      0.00      0.00  
    0.00      0.00      0.00      0.00      0.00      0.00      0.00      0.00      0.00      0.00      0.00      0.00      0.00      0.00      0.00      0.00      0.00      0.00      0.00      0.00      0.00      0.00      0.00      0.00  
    0.00      0.00      0.00      0.00      0.00      0.00      0.00      0.00      0.00      0.00      0.00      0.00      0.00      0.00      0.00      0.00      0.00      0.00      0.00      0.00      0.00      0.00      0.00      0.00  
    0.00      0.00      0.00      0.00      0.00      0.00      0.00      0.00      0.00      0.00      0.00      0.00      0.00      0.00      0.00      0.00      0.00      0.00      0.00      0.00      0.00      0.00      0.00      0.00  
    0.00      0.00      0.00      0.00      0.00      0.00      0.00      0.00      0.00      0.00      0.00      0.00      0.00      0.00      0.00      0.00      0.00      0.00      0.00      0.00      0.00      0.00      0.00      0.00  
    0.00      0.00      0.00      0.00      0.00      0.00      0.00      0.00      0.00      0.00      0.00      0.00      0.00      0.00      0.00      0.00      0.00      0.00      0.00      0.00      0.00      0.00      0.00      0.00  
    0.00      0.00      0.00      0.00      0.00      0.00      0.00      0.00      0.00      0.00      0.00      0.00      0.00      0.00      0.00      0.00      0.00      0.00      0.00      0.00      0.00      0.00      0.00      0.00  
    0.00      0.00      0.00      0.00      0.00      0.00      0.00      0.00      0.00      0.00      0.00      0.00      0.00      0.00      0.00      0.00      0.00      0.00      0.00      0.00      0.00      0.00      0.00      0.00  
    0.00      0.00      0.00      0.00      0.00      0.00      0.00      0.00      0.00      0.00      0.00      0.00      0.00      0.00      0.00      0.00      0.00      0.00      0.00      0.00      0.00      0.00      0.00      0.00  
    0.00      0.00      0.00      0.00      0.00      0.00      0.00      0.00      0.00      0.00      0.00      0.00      0.00      0.00      0.00      0.00      0.00      0.00      0.00      0.00      0.00      0.00      0.00      0.00  
    0.00      0.00      0.00      0.00      0.00      0.00      0.00      0.00      0.00      0.00      0.00      0.00      0.00      0.00      0.00      0.00      0.00      0.00      0.00      0.00      0.00      0.00      0.00      0.00  
    0.00      0.00      0.00      0.00      0.00      0.00      0.00      0.00      0.00      0.00      0.00      0.00      0.00      0.00      0.00      0.00      0.00      0.00      0.00      0.00      0.00      0.00      0.00      0.00  
    0.00      0.00      0.00      0.00      0.00      0.00      0.00      0.00      0.00      0.00      0.00      0.00      0.00      0.00      0.00      0.00      0.00      0.00      0.00      0.00      0.00      0.00      0.00      0.00  
    0.00      0.00      0.00      0.00      0.00      0.00      0.00      0.00      0.00      0.00      0.00      0.00      0.00      0.00      0.00      0.00      0.00      0.00      0.00      0.00      0.00      0.00      0.00      0.00  
    0.00      0.00      0.00      0.00      0.00      0.00      0.00      0.00      0.00      0.00      0.00      0.00      0.00      0.00      0.00      0.00      0.00      0.00      0.00      0.00      0.00      0.00      0.00      0.00  
    0.00      0.00      0.00      0.00      0.00      0.00      0.00      0.00      0.00      0.00      0.00      0.00      0.00      0.00      0.00      0.00      0.00      0.00      0.00      0.00      0.00      0.00      0.00      0.00  
    0.00      0.00      0.00      0.00      0.00      0.00      0.00      0.00      0.00      0.00      0.00      0.00      0.00      0.00      0.00      0.00      0.00      0.00      0.00      0.00      0.00      0.00      0.00      0.00  
    0.00      0.00      0.00      0.00      0.00      0.00      0.00      0.00      0.00      0.00      0.00      0.00      0.00      0.00      0.00      0.00      0.00      0.00      0.00      0.00      0.00      0.00      0.00      0.00  
    0.00      0.00      0.00      0.00      0.00      0.00      0.00      0.00      0.00      0.00      0.00      0.00      0.00      0.00      0.00      0.00      0.00      0.00      0.00      0.00      0.00      0.00      0.00      0.00  
    0.00      0.00      0.00      0.00      0.00      0.00      0.00      0.00      0.00      0.00      0.00      0.00      0.00      0.00      0.00      0.00      0.00      0.00      0.00      0.00      0.00      0.00      0.00      0.00  
    0.00      0.00      0.00      0.00      0.00      0.00      0.00      0.00      0.00      0.00      0.00      0.00      0.00      0.00      0.00      0.00      0.00      0.00      0.00      0.00      0.00      0.00      0.00      0.00  
    0.00      0.00      0.00      0.00      0.00      0.00      0.00      0.00      0.00      0.00      0.00      0.00      0.00      0.00      0.00      0.00      0.00      0.00      0.00      0.00      0.00      0.00      0.00      0.00  
=======
>>>>>>> methodGeneralizations
    0.00      0.00      0.00      0.00      0.00      0.00      0.00      0.00      0.00      0.00      0.00      0.00      0.00      0.00      0.00      0.00      0.00      0.00      0.00      0.00      0.00      0.00      0.00      0.00  
    0.00      0.00      0.00      0.00      1.00      1.00      1.00      2.00      0.00      1.00      1.00      2.00      1.00      2.00      2.00      2.00      0.00      0.00      1.00      0.00      0.00      0.00      0.00      0.00  
    0.00      0.00      0.00      0.00      0.00      1.00      2.00      1.00      2.00      0.00      3.00      3.00      2.00      1.00      1.00      0.00      6.00      1.00      1.00      1.00      0.00      0.00      0.00      0.00  
    0.00      0.00      0.00      0.00      1.00      1.00      3.00      0.00      2.00      1.00      1.00      0.00      1.00      1.00      0.00      0.00      3.00      2.00      5.00      0.00      1.00      0.00      0.00      0.00  
    0.00      0.00      0.00      0.00      0.00      2.00      1.00      1.00      3.00      5.00      2.00      2.00      1.00      0.00      1.00      0.00      2.00      4.00      2.00      2.00      0.00      0.00      0.00      0.00  
    0.00      0.00      0.00      1.00      3.00      1.00      1.00      2.00      1.00      0.00      0.00      3.00      1.00      2.00      1.00      5.00      0.00      2.00      1.00      1.00      1.00      0.00      0.00      0.00  
    0.00      0.00      0.00      0.00      0.00      1.00      1.00      0.00      0.00      2.00      3.00      1.00      5.00      1.00      1.00      2.00      1.00      0.00      1.00      2.00      0.00      0.00      0.00      0.00  
    0.00      0.00      0.00      1.00      2.00      0.00      1.00      1.00      0.00      2.00      1.00      5.00      0.00      4.00      2.00      0.00      1.00      2.00      1.00      2.00      0.00      0.00      0.00      0.00  
    0.00      0.00      0.00      1.00      0.00      1.00      1.00      0.00      0.00      0.00      0.00      2.00      2.00      0.00      0.00      1.00      0.00      0.00      1.00      1.00      1.00      0.00      0.00      0.00  
    0.00      0.00      0.00      1.00      1.00      1.00      2.00      1.00      0.00      0.00      0.00      0.00      0.00      2.00      3.00      1.00      2.00      1.00      1.00      1.00      0.00      0.00      0.00      0.00  
    0.00      0.00      0.00      0.00      0.00      0.00      3.00      0.00      0.00      0.00      0.00      1.00      0.00      2.00      0.00      2.00      3.00      0.00      1.00      1.00      0.00      0.00      0.00      0.00  
    0.00      0.00      0.00      0.00      0.00      0.00      0.00      2.00      0.00      0.00      1.00      3.00      2.00      0.00      3.00      4.00      2.00      0.00      1.00      0.00      2.00      0.00      0.00      0.00  
    0.00      0.00      0.00      0.00      1.00      2.00      0.00      1.00      1.00      1.00      0.00      0.00      2.00      1.00      1.00      2.00      0.00      2.00      1.00      3.00      1.00      0.00      0.00      0.00  
    0.00      0.00      0.00      0.00      0.00      0.00      1.00      0.00      1.00      2.00      1.00      0.00      2.00      4.00      0.00      1.00      2.00      2.00      1.00      2.00      1.00      0.00      0.00      0.00  
    0.00      0.00      0.00      0.00      1.00      1.00      1.00      0.00      0.00      4.00      0.00      0.00      0.00      1.00      1.00      0.00      2.00      1.00      0.00      1.00      1.00      0.00      0.00      0.00  
    0.00      0.00      0.00      1.00      1.00      1.00      1.00      1.00      0.00      1.00      1.00      1.00      2.00      2.00      0.00      0.00      0.00      0.00      1.00      1.00      0.00      0.00      0.00      0.00  
    0.00      0.00      0.00      0.00      2.00      0.00      0.00      1.00      0.00      0.00      1.00      0.00      1.00      2.00      1.00      2.00      1.00      1.00      3.00      2.00      1.00      0.00      0.00      0.00  
    0.00      0.00      0.00      2.00      2.00      1.00      1.00      0.00      2.00      2.00      1.00      3.00      2.00      3.00      1.00      0.00      3.00      1.00      1.00      0.00      2.00      0.00      0.00      0.00  
    0.00      0.00      0.00      1.00      2.00      1.00      1.00      1.00      2.00      4.00      0.00      1.00      0.00      0.00      1.00      0.00      0.00      6.00      1.00      1.00      3.00      0.00      0.00      0.00  
    0.00      0.00      0.00      1.00      2.00      2.00      0.00      2.00      2.00      0.00      2.00      0.00      1.00      3.00      1.00      1.00      0.00      0.00      2.00      1.00      0.00      0.00      0.00      0.00  
    0.00      0.00      0.00      1.00      5.00      2.00      7.00      0.00      2.00      2.00      2.00      4.00      1.00      1.00      0.00      2.00      2.00      2.00      2.00      1.00      0.00      0.00      0.00      0.00  
    0.00      0.00      0.00      1.00      2.00      0.00      1.00      1.00      3.00      1.00      1.00      3.00      1.00      1.00      3.00      2.00      0.00      2.00      0.00      0.00      0.00      0.00      0.00      0.00  
    0.00      0.00      0.00      1.00      1.00      1.00      0.00      0.00      1.00      0.00      1.00      3.00      1.00      1.00      0.00      0.00      2.00      0.00      2.00      0.00      1.00      0.00      0.00      0.00  
    0.00      0.00      0.00      1.00      2.00      1.00      1.00      0.00      0.00      2.00      1.00      2.00      1.00      1.00      2.00      2.00      0.00      1.00      2.00      1.00      2.00      0.00      0.00      0.00  
    0.00      0.00      0.00      0.00      3.00      0.00      0.00      0.00      0.00      1.00      2.00      1.00      1.00      8.00      1.00      2.00      1.00      3.00      1.00      0.00      3.00      0.00      0.00      0.00  
    0.00      0.00      0.00      0.00      2.00      0.00      1.00      0.00      1.00      1.00      3.00      0.00      2.00      1.00      3.00      2.00      2.00      1.00      0.00      2.00      2.00      0.00      0.00      0.00  
    0.00      0.00      0.00      0.00      0.00      0.00      1.00      3.00      0.00      1.00      1.00      2.00      2.00      2.00      2.00      1.00      1.00      3.00      0.00      1.00      0.00      0.00      0.00      0.00  
    0.00      0.00      0.00      0.00      0.00      1.00      0.00      1.00      1.00      1.00      0.00      3.00      2.00      1.00      2.00      1.00      1.00      0.00      0.00      2.00      0.00      0.00      0.00      0.00  
    0.00      0.00      0.00      0.00      0.00      0.00      3.00      0.00      1.00      3.00      0.00      3.00      4.00      1.00      1.00      1.00      2.00      0.00      2.00      3.00      1.00      0.00      0.00      0.00  
    0.00      0.00      0.00      0.00      1.00      1.00      0.00      0.00      0.00      0.00      1.00      3.00      1.00      0.00      0.00      1.00      2.00      0.00      0.00      0.00      0.00      0.00      0.00      0.00  
    0.00      0.00      0.00      1.00      0.00      0.00      2.00      1.00      0.00      0.00      4.00      4.00      1.00      2.00      0.00      0.00      1.00      2.00      1.00      1.00      2.00      0.00      0.00      0.00  
    0.00      0.00      0.00      0.00      0.00      0.00      2.00      1.00      1.00      1.00      0.00      0.00      1.00      2.00      1.00      2.00      0.00      1.00      0.00      0.00      0.00      0.00      0.00      0.00  
    0.00      0.00      0.00      0.00      0.00      1.00      0.00      0.00      0.00      0.00      1.00      2.00      1.00      3.00      0.00      2.00      1.00      1.00      0.00      1.00      1.00      0.00      0.00      0.00  
    0.00      0.00      0.00      0.00      1.00      1.00      1.00      0.00      0.00      2.00      0.00      0.00      0.00      0.00      0.00      2.00      3.00      1.00      2.00      1.00      1.00      0.00      0.00      0.00  
    0.00      0.00      0.00      0.00      0.00      0.00      1.00      0.00      2.00      1.00      0.00      2.00      1.00      2.00      2.00      1.00      0.00      1.00      4.00      3.00      1.00      0.00      0.00      0.00  
    0.00      0.00      0.00      1.00      0.00      3.00      2.00      1.00      1.00      0.00      2.00      2.00      1.00      3.00      1.00      1.00      0.00      0.00      0.00      0.00      1.00      0.00      0.00      0.00  
    0.00      0.00      0.00      0.00      0.00      2.00      1.00      3.00      1.00      2.00      3.00      4.00      0.00      1.00      1.00      2.00      1.00      0.00      2.00      2.00      1.00      1.00      0.00      0.00  
    0.00      0.00      0.00      0.00      2.00      4.00      5.00      0.00      3.00      3.00      2.00      2.00      3.00      2.00      0.00      0.00      2.00      1.00      1.00      0.00      1.00      0.00      0.00      0.00  
    0.00      0.00      0.00      1.00      3.00      1.00      0.00      3.00      2.00      1.00      2.00      0.00      1.00      0.00      1.00      1.00      1.00      1.00      1.00      0.00      0.00      0.00      0.00      0.00  
    0.00      0.00      0.00      2.00      1.00      1.00      2.00      3.00      1.00      0.00      2.00      0.00      0.00      1.00      1.00      0.00      3.00      1.00      0.00      2.00      2.00      0.00      0.00      0.00  
    0.00      0.00      0.00      0.00      1.00      3.00      2.00      2.00      5.00      5.00      1.00      2.00      0.00      0.00      2.00      0.00      0.00      1.00      2.00      3.00      2.00      0.00      0.00      0.00  
    0.00      0.00      0.00      2.00      0.00      0.00      1.00      1.00      4.00      2.00      2.00      0.00      0.00      1.00      0.00      0.00      3.00      0.00      0.00      2.00      2.00      0.00      0.00      0.00  
    0.00      0.00      0.00      5.00      2.00      1.00      0.00      4.00      4.00      2.00      0.00      0.00      1.00      1.00      0.00      0.00      1.00      1.00      2.00      3.00      0.00      0.00      0.00      0.00  
    0.00      0.00      0.00      1.00      6.00      3.00      0.00      3.00      5.00      4.00      1.00      0.00      0.00      1.00      1.00      0.00      2.00      3.00      2.00      2.00      0.00      0.00      0.00      0.00  
    0.00      0.00      0.00      0.00      3.00      4.00      0.00      5.00      3.00      4.00      2.00      0.00      0.00      0.00      2.00      0.00      1.00      0.00      2.00      1.00      3.00      0.00      0.00      0.00  
    0.00      0.00      0.00      0.00      3.00      1.00      2.00      4.00      1.00      0.00      1.00      1.00      3.00      1.00      2.00      1.00      3.00      4.00      3.00      1.00      1.00      0.00      0.00      0.00  
    0.00      0.00      0.00      0.00      2.00      1.00      3.00      3.00      2.00      5.00      3.00      1.00      0.00      0.00      2.00      3.00      3.00      0.00      5.00      2.00      2.00      0.00      0.00      0.00  
    0.00      0.00      0.00      0.00      1.00      3.00      4.00      2.00      0.00      1.00      0.00      0.00      1.00      1.00      2.00      1.00      3.00      1.00      2.00      2.00      4.00      0.00      0.00      0.00  
    0.00      0.00      0.00      0.00      2.00      1.00      2.00      0.00      0.00      2.00      0.00      0.00      0.00      0.00      1.00      2.00      5.00      2.00      1.00      2.00      3.00      0.00      0.00      0.00  
    0.00      0.00      0.00      0.00      2.00      0.00      2.00      1.00      0.00      1.00      0.00      1.00      0.00      2.00      2.00      1.00      2.00      1.00      1.00      2.00      0.00      0.00      0.00      0.00  
    0.00      0.00      0.00      2.00      4.00      1.00      2.00      0.00      1.00      2.00      1.00      2.00      0.00      1.00      0.00      1.00      2.00      3.00      1.00      0.00      2.00      0.00      0.00      0.00  
    0.00      0.00      0.00      0.00      4.00      0.00      1.00      5.00      1.00      1.00      0.00      1.00      3.00      1.00      0.00      1.00      0.00      2.00      0.00      5.00      1.00      0.00      0.00      0.00  
    0.00      0.00      0.00      2.00      3.00      2.00      0.00      0.00      1.00      4.00      6.00      5.00      1.00      2.00      0.00      2.00      2.00      2.00      4.00      1.00      2.00      1.00      0.00      0.00  
    0.00      0.00      0.00      1.00      0.00      1.00      2.00      1.00      1.00      5.00      2.00      2.00      2.00      2.00      2.00      2.00      2.00      7.00      0.00      2.00      2.00      0.00      0.00      0.00  
    0.00      0.00      0.00      2.00      1.00      0.00      3.00      2.00      2.00      2.00      0.00      1.00      2.00      1.00      6.00      3.00      1.00      2.00      1.00      1.00      1.00      0.00      0.00      0.00  
    0.00      0.00      0.00      0.00      0.00      2.00      2.00      1.00      0.00      0.00      2.00      2.00      2.00      2.00      3.00      4.00      2.00      1.00      3.00      1.00      1.00      0.00      0.00      0.00  
    0.00      0.00      0.00      0.00      0.00      1.00      0.00      1.00      5.00      0.00      1.00      3.00      3.00      5.00      4.00      3.00      1.00      1.00      1.00      2.00      2.00      0.00      0.00      0.00  
    0.00      0.00      0.00      0.00      0.00      1.00      2.00      3.00      1.00      2.00      2.00      1.00      2.00      3.00      2.00      2.00      4.00      2.00      0.00      0.00      3.00      1.00      0.00      0.00  
    0.00      0.00      0.00      0.00      1.00      0.00      2.00      5.00      0.00      2.00      3.00      4.00      7.00      1.00      0.00      5.00      3.00      3.00      3.00      2.00      4.00      0.00      0.00      0.00  
    0.00      0.00      0.00      1.00      2.00      1.00      1.00      1.00      2.00      3.00      2.00      2.00      4.00      2.00      1.00      2.00      5.00      1.00      3.00      3.00      5.00      1.00      0.00      0.00  
    0.00      0.00      0.00      2.00      3.00      2.00      1.00      2.00      0.00      3.00      1.00      2.00      4.00      2.00      2.00      2.00      3.00      4.00      2.00      3.00      5.00      0.00      0.00      0.00  
    0.00      0.00      0.00      0.00      1.00      1.00      1.00      1.00      0.00      4.00      3.00      2.00      5.00      6.00      2.00      2.00      1.00      1.00      2.00      4.00      4.00      0.00      0.00      0.00  
    0.00      0.00      0.00      1.00      3.00      1.00      3.00      2.00      1.00      3.00      3.00      4.00      2.00      2.00      2.00      2.00      1.00      4.00      5.00      2.00      6.00      0.00      0.00      0.00  
    0.00      0.00      0.00      3.00      0.00      4.00      3.00      2.00      5.00      3.00      2.00      0.00      3.00      4.00      2.00      3.00      7.00      7.00      4.00      3.00      0.00      0.00      0.00      0.00  
    0.00      0.00      0.00      2.00      6.00      1.00      5.00      1.00      1.00      1.00      2.00      0.00      2.00      4.00      7.00      1.00      3.00      5.00      3.00      0.00      3.00      1.00      0.00      0.00  
    0.00      0.00      0.00      1.00      3.00      1.00      2.00      1.00      0.00      3.00      2.00      2.00      0.00      0.00      7.00      6.00      4.00      2.00      3.00      4.00      4.00      0.00      0.00      0.00  
    0.00      0.00      0.00      0.00      5.00      4.00      2.00      2.00      3.00      1.00      0.00      1.00      0.00      1.00      4.00      5.00      1.00      3.00      7.00      3.00      2.00      0.00      0.00      0.00  
    0.00      0.00      0.00      1.00      0.00      2.00      1.00      5.00      5.00      4.00      2.00      1.00      3.00      1.00      1.00      4.00      1.00      3.00      3.00      5.00      0.00      0.00      0.00      0.00  
    0.00      0.00      0.00      0.00      1.00      2.00      2.00      0.00      1.00      2.00      2.00      3.00      2.00      3.00      0.00      1.00      2.00      3.00      5.00      5.00      2.00      0.00      0.00      0.00  
    0.00      0.00      0.00      3.00      0.00      4.00      1.00      1.00      2.00      0.00      3.00      3.00      4.00      0.00      0.00      0.00      1.00      4.00      3.00      5.00      0.00      0.00      0.00      0.00  
    0.00      0.00      0.00      1.00      4.00      3.00      2.00      5.00      1.00      1.00      3.00      2.00      0.00      5.00      1.00      5.00      1.00      9.00      7.00      7.00      2.00      0.00      0.00      0.00  
    0.00      0.00      0.00      0.00      2.00      4.00      3.00      1.00      4.00      3.00      3.00      2.00      1.00      0.00      0.00      7.00      2.00      3.00      5.00      6.00      2.00      0.00      0.00      0.00  
    0.00      0.00      0.00      2.00      1.00      0.00      2.00      4.00      2.00      1.00      2.00      3.00      0.00      2.00      3.00      1.00      1.00      1.00      5.00      7.00      2.00      0.00      0.00      0.00  
    0.00      0.00      0.00      0.00      1.00      5.00      5.00      2.00      2.00      2.00      3.00      2.00      3.00      2.00      1.00      6.00      5.00      2.00      6.00      9.00      4.00      0.00      0.00      0.00  
    0.00      0.00      0.00      1.00      1.00      2.00      1.00      4.00      5.00      3.00      7.00      2.00      1.00      1.00      2.00      3.00      0.00      8.00      5.00      6.00      3.00      0.00      0.00      0.00  
    0.00      0.00      0.00      0.00      2.00      3.00      5.00      0.00      1.00      2.00      3.00      1.00      1.00      7.00      4.00      3.00      4.00      1.00      0.00      0.00      2.00      0.00      0.00      0.00  
    0.00      0.00      0.00      1.00      5.00      3.00      6.00      1.00      3.00      1.00      2.00      4.00      3.00      2.00      2.00      2.00      4.00      5.00      7.00      6.00      2.00      0.00      0.00      0.00  
    0.00      0.00      0.00      0.00      7.00      2.00      2.00      3.00      6.00      2.00      4.00      1.00      3.00      2.00      3.00      2.00      8.00      3.00      3.00      4.00      4.00      0.00      0.00      0.00  
    0.00      0.00      0.00      1.00      3.00      2.00      1.00      1.00      3.00      1.00      1.00      1.00      2.00      2.00      3.00      1.00      1.00      0.00      4.00      1.00      1.00      1.00      0.00      0.00  
    0.00      0.00      0.00      0.00      4.00      3.00      1.00      5.00      0.00      3.00      0.00      2.00      2.00      0.00      2.00      3.00      5.00      2.00      5.00      5.00      1.00      0.00      0.00      0.00  
    0.00      0.00      0.00      2.00      6.00      2.00      1.00      0.00      1.00      1.00      0.00      2.00      0.00      0.00      4.00      0.00      3.00      4.00      3.00      9.00      2.00      0.00      0.00      0.00  
    0.00      0.00      0.00      4.00      2.00      4.00      4.00      3.00      4.00      1.00      0.00      1.00      3.00      1.00      2.00      5.00      2.00      4.00      2.00      1.00      0.00      0.00      0.00      0.00  
    0.00      0.00      0.00      1.00      5.00      4.00      2.00      1.00      2.00      1.00      3.00      1.00      1.00      2.00      2.00      3.00      1.00      2.00      5.00      1.00      0.00      0.00      0.00      0.00  
    0.00      0.00      0.00      1.00      6.00      1.00      3.00      1.00      1.00      2.00      2.00      3.00      4.00      1.00      5.00      3.00      3.00      4.00      1.00      0.00      2.00      0.00      0.00      0.00  
    0.00      0.00      0.00      0.00      4.00      1.00      3.00      2.00      1.00      0.00      2.00      0.00      1.00      2.00      1.00      2.00      4.00      2.00      0.00      6.00      0.00      0.00      0.00      0.00  
    0.00      0.00      0.00      0.00      9.00      3.00      3.00      4.00      1.00      1.00      3.00      4.00      0.00      2.00      2.00      1.00      3.00      1.00      3.00      2.00      1.00      0.00      0.00      0.00  
    0.00      0.00      0.00      0.00     11.00      7.00      2.00      1.00      4.00      2.00      1.00      4.00      1.00      2.00      0.00      1.00      2.00      1.00      0.00      3.00      3.00      0.00      0.00      0.00  
    0.00      0.00      0.00      1.00      5.00      3.00      1.00      1.00      4.00      4.00      6.00      0.00      3.00      1.00      1.00      1.00      0.00      1.00      2.00      3.00      5.00      0.00      0.00      0.00  
    0.00      0.00      0.00      2.00      8.00      5.00      2.00      0.00      3.00      3.00      2.00      1.00      1.00      1.00      1.00      0.00      1.00      0.00      1.00      5.00      3.00      0.00      0.00      0.00  
    0.00      0.00      0.00      1.00      1.00     11.00      5.00      2.00      4.00      1.00      0.00      0.00      0.00      0.00      1.00      2.00      3.00      6.00      2.00      3.00      1.00      0.00      0.00      0.00  
    0.00      0.00      0.00      1.00      6.00      1.00      4.00      2.00      2.00      0.00      2.00      1.00      2.00      0.00      0.00      4.00      0.00      2.00      2.00      4.00      4.00      0.00      0.00      0.00  
    0.00      0.00      0.00      1.00      8.00      2.00      5.00      5.00      1.00      3.00      4.00      1.00      1.00      0.00      2.00      1.00      0.00      1.00      3.00      2.00      2.00      0.00      0.00      0.00  
    0.00      0.00      0.00      2.00      2.00      4.00      5.00      5.00      2.00      3.00      4.00      1.00      2.00      3.00      1.00      3.00      3.00      6.00      1.00      6.00      0.00      0.00      0.00      0.00  
    0.00      0.00      0.00      1.00      2.00      3.00      2.00      4.00      2.00      0.00      3.00      0.00      2.00      2.00      2.00      1.00      5.00      2.00      2.00      3.00      1.00      0.00      0.00      0.00  
    0.00      0.00      0.00      0.00      2.00      5.00      1.00      0.00      1.00      1.00      0.00      3.00      1.00      2.00      2.00      4.00      6.00      1.00      6.00      5.00      3.00      0.00      0.00      0.00  
    0.00      0.00      0.00      2.00      7.00      0.00      3.00      4.00      2.00      1.00      1.00      1.00      1.00      1.00      1.00      0.00      2.00      1.00      4.00      5.00      4.00      0.00      0.00      0.00  
    0.00      0.00      0.00      1.00      1.00      2.00      6.00      5.00      2.00      1.00      2.00      0.00      1.00      1.00      1.00      3.00      0.00      1.00      4.00      1.00      2.00      0.00      0.00      0.00  
    0.00      0.00      0.00      1.00      2.00      3.00      5.00      1.00      3.00      2.00      2.00      1.00      1.00      3.00      3.00      2.00      2.00      2.00      1.00      2.00      4.00      0.00      0.00      0.00  
    0.00      0.00      0.00      0.00      4.00      4.00      4.00      4.00      2.00      2.00      0.00      1.00      0.00      5.00      2.00      1.00      4.00      1.00      5.00      2.00      1.00      0.00      0.00      0.00  
    0.00      0.00      0.00      0.00      5.00      2.00      1.00      2.00      2.00      4.00      0.00      1.00      1.00      3.00      3.00      1.00      5.00      1.00      5.00      6.00      2.00      0.00      0.00      0.00  
    0.00      0.00      0.00      0.00      2.00      5.00      2.00      6.00      3.00      1.00      0.00      1.00      4.00      2.00      1.00      1.00      2.00      3.00      4.00      3.00      3.00      0.00      0.00      0.00  
    0.00      0.00      0.00      0.00      5.00      1.00      1.00      5.00      1.00      0.00      2.00      0.00      2.00      0.00      3.00      4.00      4.00      4.00      1.00      4.00      3.00      0.00      0.00      0.00  
    0.00      0.00      0.00      0.00      2.00      4.00      4.00      0.00      1.00      1.00      1.00      2.00      1.00      1.00      2.00      0.00      4.00      3.00      1.00      2.00      2.00      0.00      0.00      0.00  
    0.00      0.00      0.00      1.00      2.00      4.00      1.00      3.00      3.00      1.00      0.00      3.00      2.00      4.00      2.00      0.00      5.00      4.00      5.00      1.00      2.00      0.00      0.00      0.00  
    0.00      0.00      0.00      1.00      1.00      1.00      2.00      0.00      1.00      4.00      5.00      1.00      1.00      1.00      4.00      4.00      3.00      5.00      4.00      5.00      1.00      0.00      0.00      0.00  
    0.00      0.00      0.00      2.00      2.00      0.00      1.00      0.00      0.00      0.00      3.00      4.00      3.00      2.00      2.00      7.00      0.00      3.00      5.00      2.00      0.00      0.00      0.00      0.00  
    0.00      0.00      0.00      1.00      2.00      1.00      1.00      1.00      2.00      2.00      2.00      5.00      2.00      0.00      1.00      2.00      4.00      2.00      1.00      5.00      2.00      0.00      0.00      0.00  
    0.00      0.00      0.00      0.00      1.00      2.00      1.00      0.00      2.00      0.00      4.00      6.00      2.00      3.00      2.00      1.00      3.00      5.00      3.00      7.00      5.00      0.00      0.00      0.00  
    0.00      0.00      0.00      2.00      5.00      2.00      4.00      2.00      1.00      0.00      6.00      2.00      4.00      1.00      5.00      2.00      1.00      0.00      4.00     10.00      1.00      0.00      0.00      0.00  
    0.00      0.00      0.00      2.00      3.00      1.00      0.00      0.00      0.00      2.00      2.00      3.00      3.00      1.00      0.00      7.00      4.00      4.00      6.00      5.00      1.00      0.00      0.00      0.00  
    0.00      0.00      0.00      1.00      1.00      7.00      2.00      2.00      1.00      4.00      0.00      3.00      0.00      5.00      0.00      4.00      6.00      3.00      4.00      2.00      1.00      0.00      0.00      0.00  
    0.00      0.00      0.00      1.00      1.00      5.00      1.00      1.00      2.00      3.00      0.00      1.00      2.00      4.00      4.00      2.00      2.00      4.00      4.00      3.00      0.00      0.00      0.00      0.00  
    0.00      0.00      0.00      0.00      2.00      4.00      3.00      3.00      0.00      1.00      4.00      0.00      5.00      1.00      2.00      2.00      4.00      2.00      2.00      1.00      0.00      0.00      0.00      0.00  
    0.00      0.00      0.00      0.00      1.00      1.00      2.00      2.00      3.00      1.00      3.00      4.00      3.00      1.00      2.00      4.00      4.00      0.00      5.00      3.00      2.00      0.00      0.00      0.00  
    0.00      0.00      0.00      1.00      3.00      5.00      1.00      3.00      1.00      3.00      1.00      0.00      1.00      4.00      1.00      2.00      2.00      1.00      4.00      3.00      3.00      0.00      0.00      0.00  
    0.00      0.00      0.00      1.00      1.00      1.00      2.00      5.00      1.00      4.00      4.00      4.00      5.00      2.00      3.00      2.00      5.00      1.00      4.00      2.00      3.00      0.00      0.00      0.00  
    0.00      0.00      0.00      0.00      5.00      1.00      7.00      5.00      5.00      1.00      4.00      5.00      3.00      2.00      1.00      3.00      4.00      4.00      4.00      4.00      2.00      0.00      0.00      0.00  
    0.00      0.00      0.00      0.00      4.00      4.00      2.00      6.00      3.00      4.00      1.00      3.00      1.00      5.00      0.00      4.00      6.00      1.00      5.00      3.00      1.00      1.00      0.00      0.00  
    0.00      0.00      0.00      0.00      6.00      6.00      3.00      1.00      5.00      0.00      4.00      6.00      0.00      0.00      4.00      3.00      2.00      5.00      1.00      4.00      1.00      0.00      0.00      0.00  
    0.00      0.00      0.00      0.00      0.00      1.00      2.00      1.00      1.00      0.00      0.00      1.00      0.00      0.00      0.00      0.00      0.00      0.00      0.00      0.00      0.00      0.00      0.00      0.00  
    0.00      0.00      0.00      0.00      0.00      0.00      0.00      0.00      0.00      0.00      0.00      0.00      0.00      0.00      0.00      0.00      0.00      0.00      0.00      0.00      0.00      0.00      0.00      0.00  
    0.00      0.00      0.00      0.00      0.00      0.00      0.00      0.00      0.00      0.00      0.00      0.00      0.00      0.00      0.00      0.00      0.00      0.00      0.00      0.00      0.00      0.00      0.00      0.00  
    0.00      0.00      0.00      0.00      0.00      0.00      0.00      0.00      0.00      0.00      0.00      0.00      0.00      0.00      0.00      0.00      0.00      0.00      0.00      0.00      0.00      0.00      0.00      0.00  
