    0.00      0.00      0.00      0.00      0.00      0.00      0.00      0.00      0.00      0.00      0.00      0.00      0.00      0.00      0.00      0.00      0.00      0.00      0.00      0.00      0.00      0.00      0.00      0.00  
    0.00      0.00      0.00      0.00      0.00      0.00      0.00      0.00      0.00      0.00      0.00      0.00      0.00      0.00      0.00      0.00      0.00      0.00      0.00      0.00      0.00      0.00      0.00      0.00  
    0.00      0.00      0.00      0.00      0.00      0.00      0.00      0.00      0.00      0.00      0.00      0.00      0.00      0.00      0.00      0.00      0.00      0.00      0.00      0.00      0.00      0.00      0.00      0.00  
    0.00      0.00      0.00      0.00      0.00      0.00      0.00      0.00      0.00      0.00      0.00      0.00      0.00      0.00      0.00      0.00      0.00      0.00      0.00      0.00      0.00      0.00      0.00      0.00  
    0.00      0.00      0.00      0.00      0.00      0.00      0.00      0.00      0.00      0.00      0.00      0.00      0.00      0.00      0.00      0.00      0.00      0.00      0.00      0.00      0.00      0.00      0.00      0.00  
    0.00      0.00      0.00      0.00      0.00      0.00      0.00      0.00      0.00      0.00      0.00      0.00      0.00      0.00      0.00      0.00      0.00      0.00      0.00      0.00      0.00      0.00      0.00      0.00  
    0.00      0.00      0.00      0.00      0.00      0.00      0.00      0.00      0.00      0.00      0.00      0.00      0.00      0.00      0.00      0.00      0.00      0.00      0.00      0.00      0.00      0.00      0.00      0.00  
    0.00      0.00      0.00      0.00      0.00      0.00      0.00      0.00      0.00      0.00      0.00      0.00      0.00      0.00      0.00      0.00      0.00      0.00      0.00      0.00      0.00      0.00      0.00      0.00  
    0.00      0.00      0.00      0.00      0.00      0.00      0.00      0.00      0.00      0.00      0.00      0.00      0.00      0.00      0.00      0.00      0.00      0.00      0.00      0.00      0.00      0.00      0.00      0.00  
    0.00      0.00      0.00      0.00      0.00      0.00      0.00      0.00      0.00      0.00      0.00      0.00      0.00      0.00      0.00      0.00      0.00      0.00      0.00      0.00      0.00      0.00      0.00      0.00  
    0.00      0.00      0.00      0.00      0.00      0.00      0.00      0.00      0.00      0.00      0.00      0.00      0.00      0.00      0.00      0.00      0.00      0.00      0.00      0.00      0.00      0.00      0.00      0.00  
    0.00      0.00      0.00      0.00      0.00      0.00      0.00      0.00      0.00      0.00      0.00      0.00      0.00      0.00      0.00      0.00      0.00      0.00      0.00      0.00      0.00      0.00      0.00      0.00  
    0.00      0.00      0.00      0.00      0.00      0.00      0.00      0.00      0.00      0.00      0.00      0.00      0.00      0.00      0.00      0.00      0.00      0.00      0.00      0.00      0.00      0.00      0.00      0.00  
    0.00      0.00      0.00      0.00      0.00      0.00      0.00      0.00      0.00      0.00      0.00      0.00      0.00      0.00      0.00      0.00      0.00      0.00      0.00      0.00      0.00      0.00      0.00      0.00  
    0.00      0.00      0.00      0.00      0.00      0.00      0.00      0.00      0.00      0.00      0.00      0.00      0.00      0.00      0.00      0.00      0.00      0.00      0.00      0.00      0.00      0.00      0.00      0.00  
    0.00      0.00      0.00      0.00      0.00      0.00      0.00      0.00      0.00      0.00      0.00      0.00      0.00      0.00      0.00      0.00      0.00      0.00      0.00      0.00      0.00      0.00      0.00      0.00  
    0.00      0.00      0.00      0.00      0.00      0.00      0.00      0.00      0.00      0.00      0.00      0.00      0.00      0.00      0.00      0.00      0.00      0.00      0.00      0.00      0.00      0.00      0.00      0.00  
    0.00      0.00      0.00      0.00      0.00      0.00      0.00      0.00      0.00      0.00      0.00      0.00      0.00      0.00      0.00      0.00      0.00      0.00      0.00      0.00      0.00      0.00      0.00      0.00  
    0.00      0.00      0.00      0.00      0.00      0.00      0.00      0.00      0.00      0.00      0.00      0.00      0.00      0.00      0.00      0.00      0.00      0.00      0.00      0.00      0.00      0.00      0.00      0.00  
    0.00      0.00      0.00      0.00      0.00      0.00      0.00      0.00      0.00      0.00      0.00      0.00      0.00      0.00      0.00      0.00      0.00      0.00      0.00      0.00      0.00      0.00      0.00      0.00  
    0.00      0.00      0.00      0.00      0.00      0.00      0.00      0.00      0.00      0.00      0.00      0.00      0.00      0.00      0.00      0.00      0.00      0.00      0.00      0.00      0.00      0.00      0.00      0.00  
    0.00      0.00      0.00      0.00      0.00      0.00      0.00      0.00      0.00      0.00      0.00      0.00      0.00      0.00      0.00      0.00      0.00      0.00      0.00      0.00      0.00      0.00      0.00      0.00  
    0.00      0.00      0.00      0.00      0.00      0.00      0.00      0.00      0.00      0.00      0.00      0.00      0.00      0.00      0.00      0.00      0.00      0.00      0.00      0.00      0.00      0.00      0.00      0.00  
    0.00      0.00      0.00      0.00      0.00      0.00      0.00      0.00      0.00      0.00      0.00      0.00      0.00      0.00      0.00      0.00      0.00      0.00      0.00      0.00      0.00      0.00      0.00      0.00  
    0.00      0.00      0.00      0.00      0.00      0.00      0.00      0.00      0.00      0.00      0.00      0.00      0.00      0.00      0.00      0.00      0.00      0.00      0.00      0.00      0.00      0.00      0.00      0.00  
    0.00      0.00      0.00      0.00      0.00      0.00      0.00      0.00      0.00      0.00      0.00      0.00      0.00      0.00      0.00      0.00      0.00      0.00      0.00      0.00      0.00      0.00      0.00      0.00  
    0.00      0.00      0.00      0.00      0.00      0.00      0.00      0.00      0.00      0.00      0.00      0.00      0.00      0.00      0.00      0.00      0.00      0.00      0.00      0.00      0.00      0.00      0.00      0.00  
    0.00      0.00      0.00      0.00      0.00      0.00      0.00      0.00      0.00      0.00      0.00      0.00      0.00      0.00      0.00      0.00      0.00      0.00      0.00      0.00      0.00      0.00      0.00      0.00  
    0.00      0.00      0.00      0.00      0.00      0.00      0.00      0.00      0.00      0.00      0.00      0.00      0.00      0.00      0.00      0.00      0.00      0.00      0.00      0.00      0.00      0.00      0.00      0.00  
    0.00      0.00      0.00      0.00      0.00      0.00      0.00      0.00      0.00      0.00      0.00      0.00      0.00      0.00      0.00      0.00      0.00      0.00      0.00      0.00      0.00      0.00      0.00      0.00  
    0.00      0.00      0.00      0.00      0.00      0.00      0.00      0.00      0.00      0.00      0.00      0.00      0.00      0.00      0.00      0.00      0.00      0.00      0.00      0.00      0.00      0.00      0.00      0.00  
    0.00      0.00      0.00      0.00      0.00      0.00      0.00      0.00      0.00      0.00      0.00      0.00      0.00      0.00      0.00      0.00      0.00      0.00      0.00      0.00      0.00      0.00      0.00      0.00  
    0.00      0.00      0.00      0.00      0.00      0.00      0.00      0.00      0.00      0.00      0.00      0.00      0.00      0.00      0.00      0.00      0.00      0.00      0.00      0.00      0.00      0.00      0.00      0.00  
    0.00      0.00      0.00      0.00      0.00      0.00      0.00      0.00      0.00      0.00      0.00      0.00      0.00      0.00      0.00      0.00      0.00      0.00      0.00      0.00      0.00      0.00      0.00      0.00  
    0.00      0.00      0.00      0.00      0.00      0.00      0.00      0.00      0.00      0.00      0.00      0.00      0.00      0.00      0.00      0.00      0.00      0.00      0.00      0.00      0.00      0.00      0.00      0.00  
    0.00      0.00      0.00      0.00      0.00      0.00      0.00      0.00      0.00      0.00      0.00      0.00      0.00      0.00      0.00      0.00      0.00      0.00      0.00      0.00      0.00      0.00      0.00      0.00  
    0.00      0.00      0.00      0.00      0.00      0.00      0.00      0.00      0.00      0.00      0.00      0.00      0.00      0.00      0.00      0.00      0.00      0.00      0.00      0.00      0.00      0.00      0.00      0.00  
    0.00      0.00      0.00      0.00      0.00      0.00      0.00      0.00      0.00      0.00      1.00      0.00      0.00      0.00      0.00      0.00      0.00      0.00      0.00      0.00      0.00      0.00      0.00      0.00  
    0.00      0.00      0.00      0.00      0.00      0.00      0.00      0.00      0.00      1.00      0.00      0.00      0.00      0.00      0.00      0.00      0.00      0.00      0.00      0.00      0.00      0.00      0.00      0.00  
    0.00      0.00      0.00      0.00      0.00      0.00      0.00      0.00      0.00      0.00      0.00      0.00      1.00      0.00      0.00      0.00      0.00      0.00      0.00      0.00      0.00      0.00      0.00      0.00  
    0.00      0.00      0.00      0.00      0.00      0.00      0.00      0.00      0.00      0.00      0.00      0.00      2.00      0.00      0.00      0.00      0.00      0.00      0.00      0.00      0.00      0.00      0.00      0.00  
    0.00      0.00      0.00      0.00      0.00      0.00      0.00      0.00      0.00      1.00      0.00      4.00      2.00      4.00      0.00      0.00      0.00      0.00      0.00      0.00      0.00      0.00      0.00      0.00  
    0.00      0.00      0.00      0.00      0.00      0.00      0.00      0.00      0.00      1.00      3.00      6.00      4.00      1.00      1.00      0.00      0.00      0.00      0.00      0.00      0.00      0.00      0.00      0.00  
    0.00      0.00      0.00      0.00      0.00      0.00      0.00      0.00      0.00      1.00      2.00      6.00      6.00      1.00      0.00      0.00      0.00      0.00      0.00      0.00      0.00      0.00      0.00      0.00  
    0.00      0.00      0.00      0.00      0.00      0.00      0.00      0.00      0.00      0.00      2.00     10.00      4.00      3.00      0.00      0.00      0.00      0.00      0.00      0.00      0.00      0.00      0.00      0.00  
    0.00      0.00      0.00      0.00      0.00      0.00      0.00      0.00      0.00      0.00      6.00      7.00      7.00      1.00      2.00      0.00      0.00      0.00      0.00      0.00      0.00      0.00      0.00      0.00  
    0.00      0.00      0.00      0.00      0.00      0.00      0.00      0.00      0.00      0.00      0.00      9.00     11.00      6.00      2.00      0.00      0.00      0.00      0.00      0.00      0.00      0.00      0.00      0.00  
    0.00      0.00      0.00      0.00      0.00      0.00      0.00      0.00      0.00      0.00      2.00     13.00     17.00     10.00      2.00      0.00      0.00      0.00      0.00      0.00      0.00      0.00      0.00      0.00  
    0.00      0.00      0.00      0.00      0.00      0.00      0.00      0.00      0.00      0.00      3.00     14.00     20.00      5.00      0.00      0.00      0.00      0.00      0.00      0.00      0.00      0.00      0.00      0.00  
    0.00      0.00      0.00      0.00      0.00      0.00      0.00      0.00      0.00      0.00      6.00     14.00     16.00     10.00      1.00      0.00      0.00      0.00      0.00      0.00      0.00      0.00      0.00      0.00  
    0.00      0.00      0.00      0.00      0.00      0.00      0.00      0.00      0.00      0.00      8.00     13.00     10.00      9.00      2.00      0.00      0.00      0.00      0.00      0.00      0.00      0.00      0.00      0.00  
    0.00      0.00      0.00      0.00      0.00      0.00      0.00      0.00      0.00      1.00      9.00     14.00      7.00      5.00      2.00      0.00      0.00      0.00      0.00      0.00      0.00      0.00      0.00      0.00  
    0.00      0.00      0.00      0.00      0.00      0.00      0.00      0.00      0.00      0.00     12.00     15.00     18.00      9.00      2.00      1.00      0.00      0.00      0.00      0.00      0.00      0.00      0.00      0.00  
    0.00      0.00      0.00      0.00      0.00      0.00      0.00      0.00      0.00      2.00     12.00     24.00     20.00     18.00      8.00      1.00      0.00      0.00      0.00      0.00      0.00      0.00      0.00      0.00  
    0.00      0.00      0.00      0.00      0.00      0.00      0.00      0.00      0.00      0.00     14.00     20.00     25.00     13.00      6.00      1.00      0.00      0.00      0.00      0.00      0.00      0.00      0.00      0.00  
    0.00      0.00      0.00      0.00      0.00      0.00      0.00      0.00      1.00      3.00     19.00     24.00     27.00     21.00      3.00      0.00      0.00      0.00      0.00      0.00      0.00      0.00      0.00      0.00  
    0.00      0.00      0.00      0.00      0.00      0.00      0.00      0.00      0.00      4.00     24.00     20.00     22.00     11.00      4.00      0.00      0.00      0.00      0.00      0.00      0.00      0.00      0.00      0.00  
    0.00      0.00      0.00      0.00      0.00      0.00      0.00      0.00      0.00      6.00     21.00     29.00     18.00     13.00      4.00      2.00      0.00      0.00      0.00      0.00      0.00      0.00      0.00      0.00  
    0.00      0.00      0.00      0.00      0.00      0.00      0.00      0.00      0.00      1.00     19.00     31.00     16.00     20.00      6.00      0.00      0.00      0.00      0.00      0.00      0.00      0.00      0.00      0.00  
    0.00      0.00      0.00      0.00      0.00      0.00      0.00      0.00      0.00      3.00     13.00     30.00     23.00     23.00      6.00      1.00      0.00      0.00      0.00      0.00      0.00      0.00      0.00      0.00  
    0.00      0.00      0.00      0.00      0.00      0.00      0.00      0.00      0.00      4.00     21.00     34.00     20.00     22.00     10.00      0.00      0.00      0.00      0.00      0.00      0.00      0.00      0.00      0.00  
    0.00      0.00      0.00      0.00      0.00      0.00      0.00      0.00      0.00      5.00     23.00     33.00     28.00     29.00     10.00      0.00      0.00      0.00      0.00      0.00      0.00      0.00      0.00      0.00  
    0.00      0.00      0.00      0.00      0.00      0.00      0.00      0.00      0.00      4.00     12.00     30.00     30.00     27.00      4.00      0.00      0.00      0.00      0.00      0.00      0.00      0.00      0.00      0.00  
    0.00      0.00      0.00      0.00      0.00      0.00      0.00      0.00      0.00      2.00     17.00     43.00     40.00     19.00     10.00      1.00      0.00      0.00      0.00      0.00      0.00      0.00      0.00      0.00  
    0.00      0.00      0.00      0.00      0.00      0.00      0.00      0.00      0.00      3.00     14.00     37.00     30.00     26.00      8.00      0.00      0.00      0.00      0.00      0.00      0.00      0.00      0.00      0.00  
    0.00      0.00      0.00      0.00      0.00      0.00      0.00      0.00      0.00      4.00     14.00     32.00     30.00     26.00      4.00      1.00      0.00      0.00      0.00      0.00      0.00      0.00      0.00      0.00  
    0.00      0.00      0.00      0.00      0.00      0.00      0.00      0.00      0.00      4.00     15.00     49.00     45.00     25.00      8.00      0.00      0.00      0.00      0.00      0.00      0.00      0.00      0.00      0.00  
    0.00      0.00      0.00      0.00      0.00      0.00      0.00      0.00      0.00      4.00     19.00     34.00     34.00     32.00     10.00      0.00      0.00      0.00      0.00      0.00      0.00      0.00      0.00      0.00  
    0.00      0.00      0.00      0.00      0.00      0.00      0.00      0.00      0.00      7.00     12.00     54.00     31.00     39.00      7.00      1.00      0.00      0.00      0.00      0.00      0.00      0.00      0.00      0.00  
    0.00      0.00      0.00      0.00      0.00      0.00      0.00      0.00      0.00      6.00     15.00     40.00     40.00     28.00      5.00      1.00      0.00      0.00      0.00      0.00      0.00      0.00      0.00      0.00  
    0.00      0.00      0.00      0.00      0.00      0.00      0.00      0.00      0.00      7.00     15.00     43.00     47.00     23.00      7.00      0.00      0.00      0.00      0.00      0.00      0.00      0.00      0.00      0.00  
    0.00      0.00      0.00      0.00      0.00      0.00      0.00      0.00      0.00      6.00     21.00     39.00     59.00     21.00      6.00      0.00      0.00      0.00      0.00      0.00      0.00      0.00      0.00      0.00  
    0.00      0.00      0.00      0.00      0.00      0.00      0.00      0.00      0.00      8.00     13.00     42.00     49.00     29.00      4.00      0.00      0.00      0.00      0.00      0.00      0.00      0.00      0.00      0.00  
    0.00      0.00      0.00      0.00      0.00      0.00      0.00      0.00      0.00      3.00     14.00     28.00     38.00     11.00     10.00      0.00      0.00      0.00      0.00      0.00      0.00      0.00      0.00      0.00  
    0.00      0.00      0.00      0.00      0.00      0.00      0.00      0.00      0.00      4.00     15.00     30.00     36.00     18.00      7.00      1.00      0.00      0.00      0.00      0.00      0.00      0.00      0.00      0.00  
    0.00      0.00      0.00      0.00      0.00      0.00      0.00      0.00      0.00      0.00      9.00     30.00     30.00     21.00      2.00      0.00      0.00      0.00      0.00      0.00      0.00      0.00      0.00      0.00  
    0.00      0.00      0.00      0.00      0.00      0.00      0.00      0.00      0.00      2.00     16.00     30.00     43.00     22.00      4.00      0.00      0.00      0.00      0.00      0.00      0.00      0.00      0.00      0.00  
    0.00      0.00      0.00      0.00      0.00      0.00      0.00      0.00      0.00      0.00     12.00     29.00     30.00     19.00      4.00      0.00      0.00      0.00      0.00      0.00      0.00      0.00      0.00      0.00  
    0.00      0.00      0.00      0.00      0.00      0.00      0.00      0.00      0.00      3.00     11.00     21.00     39.00     16.00      3.00      1.00      0.00      0.00      0.00      0.00      0.00      0.00      0.00      0.00  
    0.00      0.00      0.00      0.00      0.00      0.00      0.00      0.00      0.00      0.00      6.00     29.00     34.00     15.00      2.00      1.00      0.00      0.00      0.00      0.00      0.00      0.00      0.00      0.00  
    0.00      0.00      0.00      0.00      0.00      0.00      0.00      0.00      0.00      1.00     12.00     39.00     41.00     12.00      3.00      0.00      0.00      0.00      0.00      0.00      0.00      0.00      0.00      0.00  
    0.00      0.00      0.00      0.00      0.00      0.00      0.00      0.00      0.00      0.00      5.00     27.00     31.00     16.00      3.00      0.00      0.00      0.00      0.00      0.00      0.00      0.00      0.00      0.00  
    0.00      0.00      0.00      0.00      0.00      0.00      0.00      0.00      0.00      2.00     10.00     40.00     34.00      9.00      0.00      0.00      0.00      0.00      0.00      0.00      0.00      0.00      0.00      0.00  
    0.00      0.00      0.00      0.00      0.00      0.00      0.00      0.00      0.00      2.00      6.00     30.00     22.00      8.00      0.00      0.00      0.00      0.00      0.00      0.00      0.00      0.00      0.00      0.00  
    0.00      0.00      0.00      0.00      0.00      0.00      0.00      0.00      0.00      2.00      6.00     12.00     20.00      5.00      1.00      0.00      0.00      0.00      0.00      0.00      0.00      0.00      0.00      0.00  
    0.00      0.00      0.00      0.00      0.00      0.00      0.00      0.00      0.00      4.00      5.00      6.00     20.00      6.00      0.00      0.00      0.00      0.00      0.00      0.00      0.00      0.00      0.00      0.00  
    0.00      0.00      0.00      0.00      0.00      0.00      0.00      0.00      0.00      0.00      4.00     10.00      7.00      7.00      1.00      0.00      0.00      0.00      0.00      0.00      0.00      0.00      0.00      0.00  
    0.00      0.00      0.00      0.00      0.00      0.00      0.00      0.00      0.00      2.00      1.00      8.00      8.00      1.00      0.00      0.00      0.00      0.00      0.00      0.00      0.00      0.00      0.00      0.00  
    0.00      0.00      0.00      0.00      0.00      0.00      0.00      0.00      0.00      0.00      1.00      9.00      5.00      3.00      0.00      0.00      0.00      0.00      0.00      0.00      0.00      0.00      0.00      0.00  
    0.00      0.00      0.00      0.00      0.00      0.00      0.00      0.00      0.00      0.00      2.00      5.00      7.00      3.00      0.00      0.00      0.00      0.00      0.00      0.00      0.00      0.00      0.00      0.00  
    0.00      0.00      0.00      0.00      0.00      0.00      0.00      0.00      0.00      0.00      1.00      1.00      1.00      0.00      1.00      0.00      0.00      0.00      0.00      0.00      0.00      0.00      0.00      0.00  
    0.00      0.00      0.00      0.00      0.00      0.00      0.00      0.00      0.00      0.00      3.00      8.00      1.00      1.00      0.00      0.00      0.00      0.00      0.00      0.00      0.00      0.00      0.00      0.00  
    0.00      0.00      0.00      0.00      0.00      0.00      0.00      0.00      0.00      0.00      0.00      1.00      1.00      2.00      1.00      0.00      0.00      0.00      0.00      0.00      0.00      0.00      0.00      0.00  
    0.00      0.00      0.00      0.00      0.00      0.00      0.00      0.00      0.00      0.00      0.00      4.00      3.00      1.00      0.00      0.00      0.00      0.00      0.00      0.00      0.00      0.00      0.00      0.00  
    0.00      0.00      0.00      0.00      0.00      0.00      0.00      0.00      0.00      0.00      1.00      3.00      2.00      0.00      0.00      0.00      0.00      0.00      0.00      0.00      0.00      0.00      0.00      0.00  
    0.00      0.00      0.00      0.00      0.00      0.00      0.00      0.00      0.00      0.00      0.00      1.00      0.00      1.00      0.00      0.00      0.00      0.00      0.00      0.00      0.00      0.00      0.00      0.00  
    0.00      0.00      0.00      0.00      0.00      0.00      0.00      0.00      0.00      0.00      0.00      1.00      0.00      0.00      0.00      0.00      0.00      0.00      0.00      0.00      0.00      0.00      0.00      0.00  
    0.00      0.00      0.00      0.00      0.00      0.00      0.00      0.00      0.00      0.00      0.00      1.00      0.00      0.00      0.00      0.00      0.00      0.00      0.00      0.00      0.00      0.00      0.00      0.00  
    0.00      0.00      0.00      0.00      0.00      0.00      0.00      0.00      0.00      0.00      0.00      0.00      2.00      0.00      0.00      0.00      0.00      0.00      0.00      0.00      0.00      0.00      0.00      0.00  
    0.00      0.00      0.00      0.00      0.00      0.00      0.00      0.00      0.00      0.00      0.00      0.00      2.00      0.00      0.00      0.00      0.00      0.00      0.00      0.00      0.00      0.00      0.00      0.00  
    0.00      0.00      0.00      0.00      0.00      0.00      0.00      0.00      0.00      0.00      0.00      0.00      1.00      0.00      0.00      0.00      0.00      0.00      0.00      0.00      0.00      0.00      0.00      0.00  
    0.00      0.00      0.00      0.00      0.00      0.00      0.00      0.00      0.00      0.00      0.00      0.00      0.00      0.00      0.00      0.00      0.00      0.00      0.00      0.00      0.00      0.00      0.00      0.00  
    0.00      0.00      0.00      0.00      0.00      0.00      0.00      0.00      0.00      0.00      0.00      0.00      0.00      0.00      0.00      0.00      0.00      0.00      0.00      0.00      0.00      0.00      0.00      0.00  
    0.00      0.00      0.00      0.00      0.00      0.00      0.00      0.00      0.00      0.00      0.00      0.00      0.00      0.00      0.00      0.00      0.00      0.00      0.00      0.00      0.00      0.00      0.00      0.00  
    0.00      0.00      0.00      0.00      0.00      0.00      0.00      0.00      0.00      0.00      0.00      0.00      0.00      0.00      0.00      0.00      0.00      0.00      0.00      0.00      0.00      0.00      0.00      0.00  
    0.00      0.00      0.00      0.00      0.00      0.00      0.00      0.00      0.00      0.00      0.00      0.00      0.00      0.00      0.00      0.00      0.00      0.00      0.00      0.00      0.00      0.00      0.00      0.00  
    0.00      0.00      0.00      0.00      0.00      0.00      0.00      0.00      0.00      0.00      0.00      0.00      0.00      0.00      0.00      0.00      0.00      0.00      0.00      0.00      0.00      0.00      0.00      0.00  
    0.00      0.00      0.00      0.00      0.00      0.00      0.00      0.00      0.00      0.00      0.00      0.00      0.00      0.00      0.00      0.00      0.00      0.00      0.00      0.00      0.00      0.00      0.00      0.00  
    0.00      0.00      0.00      0.00      0.00      0.00      0.00      0.00      0.00      0.00      0.00      0.00      0.00      0.00      0.00      0.00      0.00      0.00      0.00      0.00      0.00      0.00      0.00      0.00  
    0.00      0.00      0.00      0.00      0.00      0.00      0.00      0.00      0.00      0.00      0.00      0.00      0.00      0.00      0.00      0.00      0.00      0.00      0.00      0.00      0.00      0.00      0.00      0.00  
    0.00      0.00      0.00      0.00      0.00      0.00      0.00      0.00      0.00      0.00      0.00      0.00      0.00      0.00      0.00      0.00      0.00      0.00      0.00      0.00      0.00      0.00      0.00      0.00  
    0.00      0.00      0.00      0.00      0.00      0.00      0.00      0.00      0.00      0.00      0.00      0.00      0.00      0.00      0.00      0.00      0.00      0.00      0.00      0.00      0.00      0.00      0.00      0.00  
    0.00      0.00      0.00      0.00      0.00      0.00      0.00      0.00      0.00      0.00      0.00      0.00      0.00      0.00      0.00      0.00      0.00      0.00      0.00      0.00      0.00      0.00      0.00      0.00  
    0.00      0.00      0.00      0.00      0.00      0.00      0.00      0.00      0.00      0.00      0.00      0.00      0.00      0.00      0.00      0.00      0.00      0.00      0.00      0.00      0.00      0.00      0.00      0.00  
    0.00      0.00      0.00      0.00      0.00      0.00      0.00      0.00      0.00      0.00      0.00      0.00      0.00      0.00      0.00      0.00      0.00      0.00      0.00      0.00      0.00      0.00      0.00      0.00  
    0.00      0.00      0.00      0.00      0.00      0.00      0.00      0.00      0.00      0.00      0.00      0.00      0.00      0.00      0.00      0.00      0.00      0.00      0.00      0.00      0.00      0.00      0.00      0.00  
    0.00      0.00      0.00      0.00      0.00      0.00      0.00      0.00      0.00      0.00      0.00      0.00      0.00      0.00      0.00      0.00      0.00      0.00      0.00      0.00      0.00      0.00      0.00      0.00  
    0.00      0.00      0.00      0.00      0.00      0.00      0.00      0.00      0.00      0.00      0.00      0.00      0.00      0.00      0.00      0.00      0.00      0.00      0.00      0.00      0.00      0.00      0.00      0.00  
    0.00      0.00      0.00      0.00      0.00      0.00      0.00      0.00      0.00      0.00      0.00      0.00      0.00      0.00      0.00      0.00      0.00      0.00      0.00      0.00      0.00      0.00      0.00      0.00  
    0.00      0.00      0.00      0.00      0.00      0.00      0.00      0.00      0.00      0.00      0.00      0.00      0.00      0.00      0.00      0.00      0.00      0.00      0.00      0.00      0.00      0.00      0.00      0.00  
    0.00      0.00      0.00      0.00      0.00      0.00      0.00      0.00      0.00      0.00      0.00      0.00      0.00      0.00      0.00      0.00      0.00      0.00      0.00      0.00      0.00      0.00      0.00      0.00  
    0.00      0.00      0.00      0.00      0.00      0.00      0.00      0.00      0.00      0.00      0.00      0.00      0.00      0.00      0.00      0.00      0.00      0.00      0.00      0.00      0.00      0.00      0.00      0.00  
    0.00      0.00      0.00      0.00      0.00      0.00      0.00      0.00      0.00      0.00      0.00      0.00      0.00      0.00      0.00      0.00      0.00      0.00      0.00      0.00      0.00      0.00      0.00      0.00  
    0.00      0.00      0.00      0.00      0.00      0.00      0.00      0.00      0.00      0.00      0.00      0.00      0.00      0.00      0.00      0.00      0.00      0.00      0.00      0.00      0.00      0.00      0.00      0.00  
    0.00      0.00      0.00      0.00      0.00      0.00      0.00      0.00      0.00      0.00      0.00      0.00      0.00      0.00      0.00      0.00      0.00      0.00      0.00      0.00      0.00      0.00      0.00      0.00  
    0.00      0.00      0.00      0.00      0.00      0.00      0.00      0.00      0.00      0.00      0.00      0.00      0.00      0.00      0.00      0.00      0.00      0.00      0.00      0.00      0.00      0.00      0.00      0.00  
    0.00      0.00      0.00      0.00      0.00      0.00      0.00      0.00      0.00      0.00      0.00      0.00      0.00      0.00      0.00      0.00      0.00      0.00      0.00      0.00      0.00      0.00      0.00      0.00  
    0.00      0.00      0.00      0.00      0.00      0.00      0.00      0.00      0.00      0.00      0.00      0.00      0.00      0.00      0.00      0.00      0.00      0.00      0.00      0.00      0.00      0.00      0.00      0.00  
    0.00      0.00      0.00      0.00      0.00      0.00      0.00      0.00      0.00      0.00      0.00      0.00      0.00      0.00      0.00      0.00      0.00      0.00      0.00      0.00      0.00      0.00      0.00      0.00  
    0.00      0.00      0.00      0.00      0.00      0.00      0.00      0.00      0.00      0.00      0.00      0.00      0.00      0.00      0.00      0.00      0.00      0.00      0.00      0.00      0.00      0.00      0.00      0.00  
