737.673823
456.134434
751.875936
978.227623
604.969342
1108.035901
619.443495
1857.176013
1212.964354
870.160318
1031.830697
1345.031535
1514.327839
1159.708606
676.427789
983.161956
1380.065635
633.075875
991.970829
604.618623
471.029768
363.168827
795.780853
1792.123359
818.731832
1768.525276
880.168928
2834.952359
865.061566
650.786364
971.958736
1209.903654
1218.229995
1119.843375
1324.580368
1184.329976
275.940115
547.011427
1246.691981
1039.597944
1411.937073
1064.961960
1163.663745
730.119727
511.858369
1098.270153
670.576623
972.295174
1307.131971
1303.760835
923.239395
460.931651
1139.732455
596.646587
903.456721
1122.396347
945.960634
993.084301
741.157064
681.344998
584.226429
897.488660
1182.862361
1109.753749
1142.399991
977.879912
784.783975
1053.784472
729.180612
916.682586
1377.183228
615.109671
821.510248
880.953853
771.222021
1035.251148
953.786067
586.209191
1164.795375
1577.201378
493.956993
1286.926782
415.718732
1206.773893
1288.319271
1120.410150
893.444560
451.806716
1005.193268
1161.883963
1255.654240
1578.010157
477.559419
1716.591132
851.582403
1049.604071
1368.371023
1181.231169
797.115761
694.152392
498.757216
1534.679500
1015.491805
1278.474975
1065.948577
1224.332788
866.675123
1670.186879
1230.048217
1436.122224
1511.914479
1374.128764
1444.337748
1450.051177
1209.699612
1435.754862
1132.342394
1389.576393
419.261679
1351.140060
1488.951470
1401.572807
1215.555921
1276.050877
949.377926
680.234750
1184.249572
1232.827856
1092.514139
1113.307383
965.306810
1021.001737
1019.082036
1645.697074
946.868287
998.557956
1295.556648
648.506781
917.232808
655.950496
2587.318816
1186.842827
1639.337800
1232.032942
1629.970408
1686.098073
1814.757584
521.472352
1079.343664
1328.479678
812.075247
1153.409215
1328.212685
503.726101
658.860460
623.384827
984.361038
2445.040938
1239.472868
520.131580
1199.223704
1349.913643
1355.159502
629.241950
855.422324
385.551604
592.023861
725.494916
1216.208997
1047.874103
1154.368503
913.456887
1460.821269
1318.623675
398.784507
1216.572656
2139.692182
1614.369502
1220.940088
1176.964203
1418.639219
1907.567799
722.544370
1161.983235
478.703465
530.702473
759.387478
601.132993
1057.764614
742.380052
890.287123
1324.817119
1143.308312
1075.781315
1691.290900
596.735506
1326.374047
1595.444718
1290.766406
1271.166900
1246.794292
1200.328656
870.702029
1309.208466
1195.190394
1046.042722
1347.012775
868.322427
777.585534
1049.645949
387.527417
484.268315
919.154445
847.471725
1080.471800
857.459937
404.149994
697.321749
655.937335
2107.823045
1676.011059
1293.687813
1953.698368
1738.931220
1715.137705
1349.382560
1323.946565
839.583329
654.016575
561.417188
371.585568
1109.489314
961.837948
943.050910
835.522187
1667.403200
825.104760
1613.157344
2016.687535
890.394322
868.218663
387.713053
497.806590
1308.913650
999.824436
1099.031078
1110.388683
817.703716
994.917213
1067.798850
849.602690
1212.333442
1662.004083
1157.237669
839.658963
607.761861
649.634486
613.687101
1156.055807
1256.315316
506.364006
507.827047
1559.207901
1456.053970
897.457258
1370.925776
884.227774
1375.509882
534.257570
1597.029382
762.853331
506.354516
937.025225
1210.219617
1914.857922
1324.898119
917.609855
1100.650246
892.536424
867.646567
996.323512
1034.051261
851.533938
1915.904985
981.430753
802.101236
1022.841788
731.841371
1185.506987
851.593729
494.314349
833.016182
610.916413
724.640426
1042.745297
1172.640712
1281.163468
1234.941909
723.166767
1077.055786
1854.392516
816.119366
721.032959
597.217353
520.667944
528.790304
812.026653
1027.584526
552.331906
1078.407806
828.913208
810.876886
891.335266
902.172139
1086.020310
957.720441
1917.802429
912.282412
1126.637385
385.407377
365.973383
1109.094255
1114.323110
562.669007
510.833279
1762.969126
1602.057416
791.174892
2075.846925
939.257390
807.126002
989.044429
902.895495
769.232170
1103.850582
853.570216
893.121303
466.202846
595.842908
677.059672
1684.425219
978.608673
1920.914240
1102.341478
940.796679
958.925454
1211.245785
578.335394
363.600682
857.382543
2757.331627
841.877084
1077.154271
908.197456
610.680315
493.659914
688.167210
1352.895771
2261.548407
1723.312482
695.698517
1499.188953
1605.997475
508.992824
690.032766
847.291438
1388.449523
1007.470685
837.210275
1175.854402
1025.569833
1633.704774
981.676471
2266.633970
502.754790
1678.843608
1076.462202
1241.198016
923.043087
937.720772
1350.205725
1540.619897
916.576821
1148.632353
895.078612
972.451604
1070.211576
2845.786617
1888.398483
1040.837808
1782.766121
892.380956
1717.645790
1050.891439
1589.019482
631.992926
1825.496807
1400.523544
999.773318
