  -52.43  
  -34.38  
  -25.92  
  -34.54  
  -41.48  
  -41.08  
  -50.61  
  -41.22  
  -44.62  
  -41.29  
  -44.07  
  -51.88  
  -20.57  
  -23.71  
  -51.75  
   -5.39  
  -16.81  
    4.38  
    5.62  
   24.93  
   23.50  
   10.12  
   23.71  
   22.53  
    7.77  
  -22.95  
  -33.53  
  -24.92  
  -36.78  
  -48.68  
    2.30  
    2.72  
   21.39  
  -29.52  
  -37.33  
  -48.27  
  -51.40  
  -53.13  
  -41.18  
  -23.01  
  -20.70  
  -11.77  
   26.08  
   18.41  
   23.08  
   24.87  
   43.47  
   43.05  
   11.86  
  -12.41  
   -5.54  
  -47.54  
  -29.06  
  -28.88  
  -16.54  
   -3.23  
    7.62  
  -30.68  
  -53.83  
  -39.09  
  -16.58  
  -22.31  
  -13.08  
   -9.88  
  -37.69  
  -44.49  
  -50.49  
  -49.20  
  -20.79  
  -40.37  
  -46.54  
  -46.16  
  -38.81  
  -50.77  
  -40.93  
  -29.25  
  -44.05  
  -46.30  
  -43.16  
  -53.16  
  -15.49  
  -14.08  
  -35.64  
  -42.82  
  -33.83  
  -40.85  
  -48.69  
   -1.26  
  -10.81  
   35.24  
    2.10  
    0.13  
    9.09  
    4.61  
   32.40  
   22.45  
   28.89  
   44.11  
   41.56  
   23.79  
   47.52  
   29.52  
   45.92  
   48.75  
   52.17  
   23.34  
   29.15  
   39.33  
   42.06  
   -3.70  
   -7.16  
    4.03  
  -32.73  
  -39.85  
  -40.94  
  -51.13  
  -26.17  
  -27.60  
  -48.97  
  -51.97  
  -39.10  
  -24.07  
   14.44  
   25.87  
   24.91  
   30.71  
    6.48  
   15.63  
    3.22  
   12.58  
   -7.47  
    6.76  
  -28.45  
  -28.22  
  -30.64  
  -11.92  
  -17.87  
   -0.99  
    3.89  
   -5.32  
  -10.88  
  -23.35  
    2.16  
   13.54  
   25.44  
   35.62  
   37.86  
   21.83  
    4.81  
    7.89  
   17.42  
   43.56  
   -5.77  
   -5.77  
  -23.80  
  -32.00  
    0.25  
   10.48  
   12.56  
   25.49  
   39.44  
   43.38  
   52.62  
   19.20  
   -1.70  
  -27.66  
  -23.39  
   -4.65  
   11.37  
   -1.96  
    7.47  
   -3.43  
    6.86  
  -24.72  
    9.91  
    9.83  
  -11.95  
   23.43  
   -5.54  
  -34.02  
  -50.42  
  -52.46  
  -32.63  
  -32.60  
    8.33  
   23.39  
    0.96  
    7.09  
   -7.82  
  -15.27  
   -5.12  
    1.90  
   -0.91  
    4.94  
   17.09  
   23.18  
   13.61  
  -20.96  
   -8.91  
  -31.55  
   -9.81  
  -22.24  
  -23.20  
  -32.41  
  -53.62  
  -30.39  
   -6.22  
    0.25  
    8.16  
  -35.13  
  -32.52  
  -47.07  
  -53.25  
  -54.95  
  -39.03  
  -17.14  
  -33.39  
  -15.00  
  -24.66  
   -7.73  
   -3.78  
   32.51  
   29.98  
   45.91  
   39.37  
   34.61  
   31.53  
   46.01  
   15.51  
    3.13  
   -2.85  
  -27.76  
  -14.87  
  -26.07  
  -53.24  
  -51.56  
  -50.80  
  -19.51  
   -6.35  
  -10.66  
   46.52  
   13.90  
   27.81  
   27.86  
   15.84  
    3.82  
    1.46  
  -26.89  
  -14.07  
  -20.59  
  -50.10  
  -39.14  
  -40.91  
  -36.12  
  -13.32  
  -10.78  
  -19.53  
   -0.37  
   -8.69  
  -17.48  
  -18.53  
  -31.00  
  -27.28  
  -32.07  
   12.83  
   18.20  
   28.12  
   44.60  
   -1.27  
   -7.96  
   20.50  
    7.09  
   14.57  
    9.41  
  -12.73  
  -13.39  
   14.04  
  -20.72  
  -22.43  
    3.52  
  -25.20  
  -19.60  
   -1.65  
   50.16  
   33.14  
   34.12  
   37.77  
   29.62  
   17.98  
   28.50  
   18.15  
  -15.09  
  -29.64  
  -36.95  
  -40.52  
  -48.18  
  -45.73  
  -40.46  
  -38.02  
  -51.87  
  -40.69  
  -42.13  
  -30.33  
  -44.89  
  -46.88  
  -55.48  
  -43.27  
  -49.31  
  -41.70  
  -14.60  
  -46.44  
  -27.04  
  -31.87  
  -30.47  
  -26.27  
  -17.98  
    0.53  
    8.38  
   13.65  
  -16.73  
  -18.03  
  -26.36  
  -29.41  
  -51.65  
  -47.83  
  -49.77  
  -45.44  
  -47.46  
  -45.02  
  -42.91  
  -52.34  
  -47.24  
  -37.34  
  -34.14  
  -52.60  
  -42.82  
  -29.91  
    0.75  
   21.99  
   42.66  
   41.75  
   44.59  
   21.30  
   18.92  
   12.52  
   -1.67  
   16.55  
   25.13  
   -2.72  
   -5.69  
   -4.65  
   -4.61  
  -15.25  
    9.77  
   -8.85  
   -7.01  
  -10.53  
  -14.31  
    4.92  
   -6.20  
   -8.89  
   24.95  
  -26.57  
  -42.00  
  -29.00  
  -51.15  
  -51.14  
  -44.92  
    5.84  
  -13.91  
  -10.89  
  -22.64  
   33.42  
   37.35  
   29.93  
    0.54  
  -25.48  
  -38.23  
  -16.60  
   -4.48  
  -32.29  
  -44.58  
  -52.91  
  -31.34  
  -28.76  
   -7.73  
    6.13  
  -22.05  
  -20.37  
  -33.39  
  -34.53  
  -39.14  
  -47.57  
  -33.22  
  -16.82  
  -12.47  
    3.71  
  -22.12  
  -26.31  
    7.73  
  -31.01  
  -16.07  
  -28.30  
  -36.36  
    7.84  
   -9.96  
  -46.87  
  -39.09  
  -41.10  
  -43.86  
  -18.32  
  -22.74  
  -20.84  
  -10.45  
  -11.47  
   -8.54  
  -26.86  
  -39.85  
  -45.90  
  -44.70  
  -43.22  
  -42.49  
  -36.95  
  -40.68  
   -6.59  
  -29.74  
  -20.26  
  -11.98  
   -3.89  
   -0.29  
  -17.14  
  -51.02  
  -29.95  
  -22.73  
   -0.13  
   10.04  
   -0.88  
  -10.66  
   12.01  
   21.80  
   48.93  
   38.73  
   10.39  
  -11.99  
   -5.84  
  -23.36  
    2.74  
  -23.42  
    8.31  
   16.58  
   -2.96  
   51.36  
   45.14  
   51.91  
   53.31  
   22.00  
  -11.86  
  -25.30  
  -17.03  
  -20.90  
   11.19  
    6.74  
  -11.80  
   43.05  
   24.46  
   16.80  
   52.62  
   43.55  
   24.50  
   24.25  
    2.99  
   32.15  
   21.70  
   30.39  
   54.13  
   38.64  
   13.74  
    2.70  
  -40.60  
  -37.67  
  -13.24  
   11.63  
   34.56  
   25.78  
   25.88  
   45.37  
   40.31  
   42.47  
   42.03  
   50.90  
   22.32  
   22.13  
   16.54  
   31.82  
   45.72  
   34.52  
   25.97  
   21.51  
