  441.44  
  579.96  
  688.18  
  489.01  
   73.54  
 1449.67  
 1573.19  
 1959.10  
 1118.47  
 1504.44  
 1986.75  
 1634.51  
 2482.34  
  997.68  
 1486.01  
 2112.00  
 1377.66  
 1940.98  
 1986.72  
 1966.40  
 1717.71  
  782.76  
 1019.28  
  859.71  
 1221.73  
 1486.29  
 1792.19  
  445.21  
 1372.82  
 1257.64  
 1375.45  
 -759.65  
   67.02  
 -385.42  
 -654.71  
 -435.53  
  391.92  
   -6.15  
  502.66  
  149.25  
  721.35  
  324.33  
    1.06  
  -12.27  
   45.25  
  -37.94  
 -459.45  
   12.15  
 -544.69  
 -124.15  
   47.08  
   41.44  
 -147.05  
  146.00  
   57.45  
  192.70  
  -76.36  
  347.89  
  377.14  
  423.79  
  924.41  
 1137.89  
 1246.61  
 1509.35  
 1382.90  
 1228.50  
 1675.04  
  956.54  
  288.09  
  472.23  
  191.44  
  402.00  
  351.08  
 1090.53  
  937.22  
 2163.99  
 1191.47  
  797.61  
 1294.70  
 1230.55  
  730.30  
  781.68  
 -464.87  
 -887.52  
-1079.39  
 -502.06  
 -133.53  
 -421.52  
  -23.62  
  -71.35  
  929.98  
  -15.99  
    3.02  
    1.87  
   24.28  
    0.30  
   37.52  
  180.48  
  142.41  
 1226.66  
  263.43  
  312.36  
  459.76  
    5.91  
-1028.53  
 -895.81  
-1024.58  
-1187.56  
 -898.61  
-1288.39  
 -931.39  
    9.79  
  -81.50  
  252.05  
 -192.56  
  -52.43  
  -58.37  
 -259.53  
 -412.44  
  -31.10  
 -120.73  
  295.79  
 -531.55  
-1065.64  
-1741.59  
-1656.65  
-1213.62  
 -533.61  
-1431.64  
 -742.28  
 -800.64  
-1421.87  
 -562.21  
-1164.13  
-1664.99  
-1521.57  
-1104.51  
 -368.23  
 -326.17  
 -656.73  
 -712.59  
  -29.07  
  176.09  
 -230.60  
 -563.21  
 -897.13  
 -108.41  
 -127.93  
  276.14  
  101.69  
    8.50  
  300.35  
  518.62  
  525.89  
 -150.18  
  232.77  
-1029.28  
-1476.00  
-1525.30  
-1444.59  
 -637.62  
-1513.24  
-1669.47  
-1955.46  
-1591.97  
-1151.98  
   94.05  
  -86.97  
-1405.65  
 -540.20  
 -346.99  
 -482.21  
 -432.94  
-1072.69  
 -395.91  
-1016.58  
 -360.22  
 -658.99  
 -469.54  
 -531.03  
 -489.62  
 -567.67  
 -569.81  
  371.89  
  261.32  
 -420.69  
  124.15  
 -621.17  
 -791.91  
  295.03  
  524.46  
 1150.20  
  713.45  
  394.67  
 -123.82  
 -221.14  
 -113.33  
 -105.93  
 -114.45  
  -59.19  
 -299.82  
   -2.12  
   46.54  
 -137.93  
    3.05  
 -598.97  
-1002.45  
 -535.66  
 -262.01  
 -551.40  
 -430.30  
 -450.33  
 -633.29  
-1615.89  
-1195.42  
-1006.71  
-1453.41  
 -991.86  
-1282.65  
 -891.76  
 -398.11  
 -578.13  
 -564.66  
-1025.50  
-1738.82  
 -401.84  
 -709.88  
 -845.19  
 -617.25  
 -781.75  
 -305.57  
 -696.55  
 -588.69  
 -665.24  
 -662.40  
 -606.72  
 -901.46  
 -979.39  
 -587.28  
-1383.27  
-1915.99  
-2013.72  
-1453.71  
-1895.14  
-1029.38  
   61.92  
 -562.64  
 -149.59  
 -420.27  
 -377.05  
  153.19  
 2010.93  
 1506.69  
 1645.40  
 1582.84  
  378.15  
  -91.03  
  390.04  
  320.86  
  287.01  
 -231.17  
  222.33  
  592.11  
   45.81  
 -705.18  
-1737.42  
-2390.02  
-1140.16  
 -744.82  
 -996.21  
 -696.65  
 -539.17  
  -11.68  
  676.40  
  823.34  
 1369.30  
 1740.76  
 1440.36  
 2272.51  
 2423.56  
 2107.39  
  839.22  
 1525.47  
 1504.48  
  934.19  
 1436.64  
 1768.00  
 1928.33  
 1280.68  
 1168.79  
  540.51  
  584.63  
 1135.47  
  777.11  
 1353.18  
 2231.13  
  559.90  
 1303.42  
