 -159.15  
 -375.51  
 -305.11  
 -160.40  
 -171.36  
 -948.34  
 -316.76  
 -616.64  
 -617.55  
-1758.34  
-1606.89  
 -847.52  
-1968.67  
-1498.05  
 -453.19  
 -845.40  
-2168.30  
-1075.61  
-1236.00  
 -668.06  
-1206.59  
-1658.54  
-1136.35  
-1472.53  
 -828.32  
 -710.37  
-1247.18  
 -740.50  
 -478.73  
-1083.01  
 -456.50  
 -526.45  
 -443.34  
   -0.65  
 -195.09  
   -4.71  
 -401.16  
 -477.85  
   65.42  
   -1.16  
 -502.39  
 -495.98  
 -421.31  
 -403.85  
-1807.08  
-1668.71  
 -491.34  
-1158.60  
 -771.79  
 -635.70  
 -968.12  
-1344.13  
-1383.09  
 -963.74  
-1128.70  
 -680.21  
  -58.08  
    1.69  
   56.59  
   50.15  
  108.78  
  208.64  
 -180.77  
 -976.08  
 -958.99  
-1671.35  
-2001.07  
-1632.16  
-1225.89  
 -640.55  
 -739.59  
 -329.00  
 -600.94  
-1162.76  
-1561.07  
-1349.61  
 -831.23  
-1095.71  
-1109.09  
 -298.40  
-1102.69  
 -526.87  
 -229.89  
 -105.75  
-1035.83  
 -111.54  
 -161.60  
 -540.67  
 -285.24  
 -447.69  
 -342.93  
 -137.28  
 -845.47  
-1535.15  
 -616.22  
-1838.66  
 -693.53  
 -837.89  
 -857.47  
 -994.47  
 -758.60  
 -963.20  
 -868.57  
-1568.90  
-1151.34  
-1446.28  
-1196.15  
-1099.92  
 -373.65  
 -371.40  
 -362.82  
 -292.10  
 -788.05  
 -921.29  
 -203.44  
 -168.86  
 -829.63  
 -375.35  
 -215.06  
-1457.15  
-1045.12  
-1208.94  
-1687.03  
-1830.47  
-1772.07  
 -877.14  
 -229.92  
 -262.87  
 -532.29  
 -551.16  
 -567.15  
 -623.01  
 -461.46  
 -571.44  
 -739.95  
 -440.04  
 -276.92  
 -410.57  
 -980.94  
 -218.37  
 -542.48  
-1481.09  
 -750.42  
 -669.45  
-1701.67  
-2060.82  
 -934.90  
-1552.86  
-1259.01  
-1671.26  
-1470.44  
-2328.71  
-1085.24  
-1256.20  
 -138.26  
 -664.71  
 -638.70  
-1484.08  
-1810.49  
-1347.73  
-1133.24  
-1794.90  
-1821.83  
 -777.29  
-1438.95  
-1262.56  
-1238.57  
 -801.38  
 -962.31  
 -875.14  
 -799.52  
 -848.25  
 -718.28  
-1207.15  
-1756.79  
-1905.24  
-1930.10  
-1062.06  
-1202.81  
 -695.28  
 -621.97  
 -504.45  
 -690.01  
 -520.83  
 -319.27  
 -431.36  
 -734.81  
 -426.36  
 -123.53  
 -178.53  
 -924.57  
-1096.28  
 -404.75  
-1384.05  
-1416.63  
-1273.75  
-1905.00  
-1456.34  
-1000.82  
-1203.99  
-1180.02  
-1326.69  
 -765.87  
-1777.46  
-1761.52  
 -817.65  
 -989.34  
 -675.66  
-1530.70  
-1174.40  
-1123.25  
 -856.51  
-2242.59  
-1516.69  
-1789.01  
-1736.52  
 -541.47  
-1399.87  
-2149.20  
-1468.88  
-1288.91  
-1807.33  
-1777.75  
-2066.99  
-2323.16  
-1633.85  
-1587.78  
 -821.79  
 -788.54  
-1706.38  
-1883.12  
-2445.89  
-1382.36  
 -641.11  
 -886.98  
 -672.30  
 -954.69  
 -326.95  
 -518.31  
-1136.87  
-1168.73  
-1104.21  
 -584.17  
 -788.85  
 -939.14  
-1101.99  
-1918.77  
-1515.31  
-1916.62  
-1547.38  
-1205.63  
-1290.88  
-1445.82  
 -737.78  
-1424.75  
-1232.71  
 -850.62  
-1002.11  
 -900.78  
-2141.05  
 -822.05  
-1689.80  
-1183.19  
-1062.33  
-1318.51  
-1790.25  
-1927.12  
-1416.10  
-1440.20  
-1935.50  
-1182.19  
-1819.13  
-1544.33  
-1369.79  
-1190.21  
-1422.38  
 -314.09  
-1499.63  
 -197.62  
  222.38  
  302.13  
  190.04  
  130.18  
  110.65  
 -179.74  
  -58.03  
   -0.32  
  -92.74  
 -193.86  
  142.68  
 -311.29  
 -482.64  
 -493.95  
 -316.85  
 -283.53  
 -229.20  
 -377.98  
   15.16  
  -14.57  
    0.00  
    0.00  
    0.00  
    0.00  
    0.00  
    0.00  
    0.00  
    0.00  
    0.00  
    0.00  
    0.00  
    0.00  
    0.00  
    0.00  
    0.00  
    0.00  
    0.00  
    0.00  
    0.00  
    0.00  
    0.00  
    0.00  
    0.00  
    0.00  
    0.00  
    0.00  
    0.00  
    0.00  
    0.00  
    0.00  
    0.00  
    0.00  
    0.00  
    0.00  
    0.00  
    0.00  
    0.00  
    0.00  
    0.00  
    0.00  
    0.00  
    0.00  
    0.00  
    0.00  
    0.00  
    0.00  
    0.00  
    0.00  
    0.00  
    0.00  
    0.00  
    0.00  
    0.00  
    0.00  
    0.00  
    0.00  
    0.00  
    0.00  
    0.00  
    0.00  
    0.00  
    0.00  
    0.00  
    0.00  
    0.00  
    0.00  
    0.00  
    0.00  
    0.00  
    0.00  
    0.00  
    0.00  
    0.00  
    0.00  
    0.00  
    0.00  
    0.00  
    0.00  
    0.00  
    0.00  
    0.00  
    0.00  
    0.00  
    0.00  
    0.00  
    0.00  
    0.00  
    0.00  
    0.00  
    0.00  
    0.00  
    0.00  
    0.00  
    0.00  
    0.00  
    0.00  
    0.00  
    0.00  
    0.00  
    0.00  
    0.00  
    0.00  
    0.00  
    0.00  
    0.00  
    0.00  
    0.00  
    0.00  
    0.00  
    0.00  
    0.00  
    0.00  
    0.00  
    0.00  
    0.00  
    0.00  
    0.00  
    0.00  
    0.00  
    0.00  
    0.00  
    0.00  
    0.00  
    0.00  
    0.00  
