  -22.96  
  -50.64  
  -29.92  
  -25.00  
  -41.32  
  -40.18  
  -31.80  
  -56.59  
  -16.22  
   -1.38  
  -23.82  
    2.05  
  -17.28  
  -22.77  
  -23.60  
  -35.13  
  -50.87  
  -49.63  
  -52.77  
  -56.54  
  -32.35  
  -31.33  
   -2.01  
   16.50  
   41.26  
   56.26  
   32.54  
   16.35  
   -7.40  
  -19.73  
   -4.44  
   -5.16  
  -42.38  
  -32.21  
  -26.90  
  -43.57  
  -24.57  
  -38.55  
  -43.06  
  -47.68  
  -31.74  
  -43.93  
  -45.75  
  -45.59  
  -29.20  
  -24.20  
  -46.94  
  -26.79  
  -11.01  
   -7.76  
    5.72  
    0.92  
   24.67  
   26.86  
    5.00  
   12.75  
   25.39  
   55.77  
   52.11  
   37.06  
   14.73  
   10.52  
   20.66  
  -10.49  
  -25.21  
  -51.55  
  -27.69  
   10.48  
   21.32  
  -10.17  
  -29.32  
  -25.63  
  -33.16  
  -28.49  
  -36.22  
  -25.54  
  -44.59  
  -55.21  
  -41.88  
  -51.01  
  -49.07  
  -58.31  
  -35.43  
  -23.84  
  -34.12  
  -17.07  
  -18.48  
  -33.62  
  -42.34  
  -45.80  
  -31.93  
  -33.83  
  -23.60  
    6.59  
   17.15  
    5.58  
  -27.28  
  -27.03  
