-643.279732
-28.871889
-428.690920
142.523505
912.250908
391.766406
-409.193485
-1164.419498
-294.426317
-1072.029523
-1172.359595
-244.692011
-387.600713
-579.282454
-30.142249
-640.382639
-543.650274
-117.688263
-152.013459
-108.321687
-10.961113
107.054554
32.444982
480.953006
-3.669999
52.909218
-245.671268
-803.345847
87.945684
471.732133
-142.701585
394.078982
553.299351
2434.044589
2227.627035
1764.252296
1841.306846
1900.484865
794.806782
776.557383
1592.683736
137.044315
-546.848868
-594.381276
-829.293775
-20.370971
593.876095
561.260927
805.557207
523.499771
-647.231077
-1854.460578
-950.615733
-344.477202
-494.770373
-612.944789
-407.876799
-224.616040
-77.049613
325.265562
689.621588
213.859299
8.300660
31.319115
31.920521
150.884974
982.266223
307.500490
40.959011
-85.932921
-285.500307
-784.127600
-638.830099
-193.898736
528.654610
173.416020
-191.704950
-432.967599
-984.723154
-408.038538
-258.901564
4.610172
-212.103956
-483.406374
-857.023300
-821.999436
-1328.399210
-158.921308
-50.666617
113.861160
263.453931
-54.815921
22.971788
151.220411
53.106278
-86.742974
221.158072
-110.641368
31.204221
-9.652606
-197.052224
-716.762565
379.330891
170.909097
-857.290019
-1169.261245
-2178.934650
-2287.017883
-1323.302538
-2058.978151
584.771662
876.673589
895.128340
917.986623
736.664056
756.038944
651.945760
9.930533
-365.309272
-993.533653
-1148.490774
-18.414643
430.093249
-64.911130
-24.013965
20.404652
-72.429900
-58.078920
-59.509068
-34.666138
102.701519
943.760166
1024.563759
942.395507
606.871156
255.387587
397.930533
-84.336370
-969.848746
-828.558232
-752.999654
-1662.917925
-1235.508026
-1113.743624
-47.375625
-94.451904
-73.576340
-172.774357
-265.057867
-272.659194
-183.257544
-2.677202
296.135524
356.831155
372.997965
361.448242
-264.774549
68.689879
-98.413550
1408.546209
731.181838
667.407108
396.967546
433.613585
-51.310942
-433.615259
481.891590
536.974391
-262.584043
-607.113541
-22.383922
326.481277
-877.087868
-1247.199535
-142.173753
641.035836
772.298357
330.695223
143.669912
-364.755675
-136.700160
-639.773289
-179.076628
-43.409975
-330.491970
-6.852885
-61.159624
598.643564
671.158539
552.171737
675.558827
1133.524181
845.563298
1000.853789
2022.575396
1334.102908
1331.947136
2587.528934
2452.146752
2506.763018
1537.168781
1588.966638
698.191588
1909.197478
2528.272616
2268.005414
2034.653181
1929.069640
602.839452
-47.696505
590.115643
689.984421
1053.367987
167.894497
-44.759832
30.981969
-295.938938
-1230.458802
-1031.005658
-1086.519564
-903.595969
-78.012254
989.623530
916.285424
948.102130
-547.019752
-424.577186
-693.216530
-1239.357914
-1032.208429
-566.631901
-1943.949805
-938.376726
-498.720506
-741.649666
-702.544697
-823.297151
-163.684178
147.267765
57.473828
-124.597901
537.037255
1357.768797
484.823000
39.530080
-149.684770
-267.361838
304.366664
-72.860311
-152.743738
-515.966385
-261.169766
-1210.996926
-782.664164
-825.057437
-621.557641
-751.500308
-531.251847
-555.278220
-709.176359
-1062.094967
-2464.475883
-1304.492071
-831.154268
-797.343238
-176.877754
-335.759651
38.700050
0.399330
-78.329210
-101.722418
-144.251920
332.356366
308.395885
712.593322
687.545859
1213.203609
1903.877071
2163.837747
1144.263681
461.899770
850.449537
556.705976
894.629541
342.174850
1440.289776
1905.384556
2755.853241
2092.304754
2384.959288
1977.695817
1962.996569
14.139348
-1004.725861
-167.658061
83.110658
4.487771
-314.097653
-389.903829
-252.006685
-420.619426
-89.357948
-181.896675
232.428464
235.396938
-66.315668
45.033555
1.831010
-902.880679
-1247.420386
-1409.508669
-2012.348469
-908.826488
-1712.176826
-1469.635920
-2313.408172
-1785.478267
-1276.784831
-2016.348922
-2359.435361
-1834.382934
-2145.421529
-3153.961685
-2473.675666
-2400.313019
-3052.745896
-2881.416271
-2189.318541
-2584.139253
-1901.961955
-1485.334473
-1408.709351
-992.404935
-768.327856
-598.927749
252.274265
-356.276103
-313.483513
71.753820
674.845295
1008.755921
-160.073265
-374.653228
-413.778196
-434.385895
-827.347725
-264.947572
-522.081648
-1630.237056
-1175.704631
-317.221117
-841.349672
-886.205343
-1037.413201
-580.207872
-1325.935218
-1122.528932
-1326.368913
-1368.924244
-688.274179
712.974038
1164.825893
2806.034344
2033.138586
1154.957636
650.967121
1507.864468
1385.065267
1815.374666
1646.607803
1046.490612
257.663422
403.120443
111.274983
110.747140
-269.452533
14.050898
45.303461
616.795744
381.752380
77.767832
95.085208
305.265901
-535.417855
-8.839461
119.546092
18.804611
6.263192
-158.360513
-287.440279
-67.057279
-667.849649
-409.010075
-1690.439904
-101.362236
-950.108411
-1735.662365
-1465.257828
-1256.640731
