1.200922
-6.217173
6.429539
-5.468356
-6.962569
4.330513
-4.957110
-0.587674
3.548844
2.739066
1.197220
-2.709364
-0.374341
-4.671595
-2.890319
-11.795431
-6.014844
-0.907803
-0.126590
-0.138348
0.150825
-4.846546
-2.117795
-0.764048
-1.594330
-7.803721
1.295130
-7.663655
-4.858630
-4.151950
-2.916977
5.694047
5.447353
1.943995
7.500265
-5.909944
8.202616
11.665322
-6.228275
9.020884
7.918536
4.702585
2.121892
7.058255
3.317373
3.362440
5.183924
6.597535
-7.516709
5.950551
6.541009
3.172825
4.486707
4.930986
2.177241
6.140889
4.406969
6.735412
8.561127
11.441861
12.735914
1.482743
4.267620
-6.382087
0.056950
1.790588
-3.987064
4.888958
0.127090
1.844376
-5.802613
-0.732387
-4.002793
-7.349902
-0.841168
-7.813622
7.996778
-1.298244
-1.269997
-0.176922
-0.582129
-2.440511
0.252469
1.038246
2.538851
0.342718
-1.529270
-6.763392
8.762036
-8.374107
-7.160448
-4.014655
2.970239
-8.783986
-4.139828
0.654156
-0.465656
0.507452
-1.371332
0.967333
-1.446423
-8.836402
-4.707233
7.146365
5.191266
6.802805
-0.548323
-0.130366
-4.500012
-8.195312
6.220506
-0.253636
-2.343071
-2.602070
0.024608
-4.996317
6.216303
0.273157
2.336582
-4.277429
-7.097742
-3.413568
13.488636
-1.290844
3.068998
3.667992
1.945326
9.482739
5.906368
6.789326
-5.773191
-5.190567
-3.115354
-5.428582
0.908779
-4.936132
-0.809458
3.371599
3.697341
0.635932
6.921424
0.266667
-6.040383
-3.346518
-9.292838
-3.489513
-3.510475
-7.208668
-8.002453
-6.339459
-2.787841
-7.911166
-6.765222
-7.728808
-10.683924
0.753006
-5.231101
6.974430
-0.102489
-1.395848
-5.673000
-2.522948
4.325208
1.769195
1.761902
-1.615792
4.266856
7.876810
3.232629
0.006758
8.751408
2.656107
4.261012
-0.267594
5.557503
8.025603
7.969801
4.253465
-1.341985
0.898241
0.725510
0.079064
-2.839895
-2.421599
-0.155399
1.400702
3.177273
-4.081453
0.345982
-0.665949
0.163109
1.541947
3.722390
-4.825950
-2.427215
3.644947
2.054337
-5.055146
-2.746131
3.087577
2.450763
2.130691
2.749138
2.482229
-1.896661
4.499482
-2.538649
-0.475602
0.025962
-2.644098
-2.307375
0.149749
7.599631
2.046218
3.053698
0.329717
1.311434
2.873903
1.608730
3.176282
4.732274
2.572969
5.912920
0.940945
-13.113421
-15.840811
4.715070
8.326216
2.503629
8.409731
1.424945
7.801077
10.188021
1.830917
-2.063723
3.894120
7.919043
2.923373
7.630995
-0.734092
1.047872
-0.100653
-5.192002
-2.342243
-3.274517
7.307032
-0.303251
0.123326
-0.797384
2.907159
-5.295490
-2.550325
-1.595780
-2.324914
-1.448433
-1.469176
1.977044
0.297577
4.747057
5.404410
4.091265
2.896243
-2.676981
2.390152
1.751837
0.756806
4.178417
6.441377
3.345806
-4.843375
4.290670
8.085295
7.552867
4.873387
4.391773
1.320262
2.772893
1.005978
-1.006101
-1.388105
0.365794
3.403311
0.662870
8.188953
1.071534
6.475692
7.954351
2.010388
1.898056
-3.652007
-4.611605
-5.834352
-1.629805
5.135109
3.706610
2.681812
1.174007
-0.473819
4.290781
6.520551
5.683199
2.004045
4.427670
12.357006
-1.160289
3.021229
1.693150
5.824662
4.467757
2.394697
1.735622
9.591512
3.549609
11.101522
13.115728
11.499950
-0.386463
-0.154750
3.752423
3.230684
2.690246
5.754606
0.214111
1.107050
-2.729870
-3.373599
0.139187
-0.254070
-1.716224
7.153419
-3.900052
-5.853758
6.490593
3.238721
3.883177
-1.751833
3.096088
-2.082063
10.337761
3.295446
3.161938
3.876360
-9.181110
-1.108816
3.690809
4.589493
8.545693
8.082753
0.963490
1.140023
-4.391733
-4.235924
-4.086075
0.960795
0.103227
1.934445
-4.691884
-10.919433
-6.806987
-2.012865
-2.515169
2.984480
3.716605
-5.355797
0.622166
-3.959456
0.043562
-6.476276
0.907748
2.691603
-5.509275
4.015093
-1.478843
-0.864626
-4.743904
0.299872
-4.002147
-4.288501
-4.657952
5.484908
0.738014
7.531131
5.467402
-6.737505
1.331757
-2.323956
8.506165
3.011870
-5.334151
-7.340837
-1.515842
7.948039
1.318726
5.086310
-5.337556
5.996124
6.707699
9.359106
9.942744
