-4.122844
-7.749922
-0.445465
-8.293698
-1.449733
1.172355
-5.095486
-3.058941
1.247400
-5.631002
-6.433741
-8.459796
6.081892
6.465315
-1.448056
6.150951
-5.211853
-3.122809
1.993463
-4.172843
-4.578975
5.870066
5.613597
7.368525
0.654559
0.760531
-6.842171
7.476126
3.286446
-3.807749
-1.020438
0.475412
-8.234617
-6.029255
-5.213935
-8.155011
-1.628247
3.228609
-4.861234
-5.797054
-2.110476
-2.631360
-1.655741
5.756886
8.154601
-5.296615
7.572570
5.972331
4.387235
0.677066
-1.622557
-1.340493
-2.052713
-0.417070
-7.241993
8.090640
-5.175687
2.166943
4.529932
-3.822760
-0.818121
-4.874868
2.264394
-1.722187
1.524863
3.030371
5.312550
-2.403140
1.514019
2.101246
-1.375479
2.535857
-2.560850
7.542458
-2.330964
-3.425067
8.791640
3.969476
6.329828
-0.338799
1.419205
-5.550617
1.778006
-6.467704
1.454324
2.816849
-6.369010
-3.473187
4.196870
-1.752076
1.133352
-7.013880
8.988966
2.427999
5.277794
3.260298
4.962245
-0.704900
-4.689688
1.319075
2.228039
-7.531634
-6.185929
-6.668243
0.459055
-5.960361
-7.125541
4.540974
-1.613683
2.592320
-5.987478
-3.292358
-4.513070
-1.435689
-0.080193
8.522059
-4.765709
6.105780
7.113306
3.738105
0.954321
3.876993
6.874131
-2.653196
-2.496837
-3.130912
0.959386
-7.787812
-7.479010
-1.048768
-1.698385
3.573512
2.686498
0.149205
8.255737
-3.760972
6.316196
-6.699783
2.393534
1.132191
-5.010349
-1.858943
-0.315641
6.062526
-2.666187
5.184193
3.460647
4.527478
-0.629282
6.749833
0.421047
3.316157
3.945950
1.201215
-0.408293
-4.593666
-1.960491
-9.065781
5.840018
-4.105345
-0.750175
-2.053894
3.646756
-5.764229
3.093425
2.242638
-6.543767
-3.411196
2.687682
-7.059993
-5.055272
-2.236767
-8.404648
-2.438333
-2.190555
-0.728807
-4.623760
1.390252
-4.702580
5.065886
-7.905956
6.183295
7.407056
-5.646955
7.350185
-7.864637
4.797730
6.641106
-6.168971
-0.992545
-7.210162
1.967932
-0.199996
-0.214659
-1.155631
-4.204549
-6.215619
-6.144163
-6.068741
-2.891841
6.340191
5.188306
8.235048
-8.289712
5.764850
4.677121
3.004208
2.883158
-1.715370
2.384447
6.157070
-8.491185
-0.642209
-5.299620
7.450673
-4.711951
-4.986214
1.937841
-4.771986
2.261532
-7.255004
1.455639
0.575894
3.794189
6.765778
-1.890463
-4.665955
2.832512
6.656577
-5.921117
5.930759
-6.522421
7.380264
7.722300
4.357934
5.972109
-2.650300
-0.238397
1.387926
-1.033194
-6.023321
4.031119
-6.846529
-2.663457
-0.259955
4.997441
-6.630444
3.066187
4.890009
-6.538082
5.781123
-6.558877
1.096032
-5.674548
-5.374014
-0.241784
-2.659756
2.324855
-0.632702
7.528490
-1.220467
6.720884
-1.272548
-2.176491
7.674194
-1.094738
-7.113622
5.269789
-3.480555
-1.041667
2.760905
-3.083258
6.359433
0.303020
-7.830573
2.372315
-7.592099
3.787605
4.074740
-7.628647
-7.679946
-4.539614
-1.821222
-1.071091
-9.646657
1.972232
5.287782
3.204558
6.489108
-8.071018
1.507069
1.765267
2.004034
-0.293823
1.908591
2.601763
-2.048978
-2.754151
-7.109182
-4.249453
-2.430197
4.089922
-9.429060
-2.394716
-0.968159
0.708687
-1.516744
7.688843
-10.183258
-7.234812
-4.745945
-6.330854
-0.678325
-6.548057
-5.288035
3.258860
0.374401
8.788200
-4.648343
-1.116386
-0.556078
0.974573
4.827289
6.167748
-3.652152
-0.300003
3.240133
0.376574
7.459105
-1.371697
0.588817
-4.351954
6.022753
4.653088
-4.591800
-8.590804
-6.033817
6.359795
0.775747
0.241466
-4.856120
-6.926550
3.221954
3.201439
-7.911545
-10.149445
4.404746
-6.712029
-6.375647
7.919127
3.389872
-0.939149
3.238468
-1.295831
9.061239
-7.538222
-11.065002
-7.648224
-7.881224
9.276446
-1.595314
-10.111096
5.417982
1.297501
-5.262137
-7.096816
4.536974
0.183883
1.672907
0.636482
-7.282303
-0.542627
5.199070
-5.957275
-3.142742
-6.846128
-9.453720
1.819306
-8.191266
-5.141668
8.258901
-4.963401
1.077712
-5.067211
-5.782154
5.304389
-0.265446
-5.146092
1.331052
1.972044
0.343237
-4.300686
2.393045
-6.027082
-3.143970
3.456533
3.372186
-4.826516
1.827113
8.851383
8.414675
1.426846
-3.851841
5.351939
5.827762
2.693173
-5.161015
-4.302988
-4.419630
-3.257009
-2.769045
1.171540
-4.724400
-9.276706
-7.107349
-4.993592
8.754249
7.159676
7.754125
8.231825
-3.729079
2.112968
-5.132033
3.953620
3.358707
4.874838
8.153896
-5.507821
-2.562707
4.431195
-1.327267
0.173430
7.968361
-1.641649
-10.533239
-4.766566
5.244438
-8.872119
0.788461
7.284955
-8.217260
2.591129
0.750688
-1.098811
1.535695
1.872234
1.676448
-0.623106
2.754356
-3.900882
6.541626
-8.883657
-3.352844
4.585529
0.796333
-7.574583
7.750213
-6.468349
-9.576870
-1.206679
-3.111809
7.588775
4.979626
2.115155
9.835614
-5.023221
-3.662271
-9.859215
2.908652
-0.680807
-8.770925
-4.812773
3.392817
-0.355572
9.354904
-5.442558
1.023935
6.016124
-3.089601
-1.569918
6.824195
-1.912246
-3.822905
-8.353034
7.000552
5.521869
2.375623
-0.249782
-1.782939
-5.682153
-8.838480
1.203029
-1.377529
-1.938737
-4.932125
-8.460708
-6.211208
-5.539451
-8.411025
2.081848
7.035577
1.140926
6.927881
0.099157
-5.036451
-0.804981
-5.042418
-4.318929
0.743165
4.565777
4.420863
4.051625
-9.185430
-1.472225
-6.099721
5.218083
3.286667
2.089398
-1.248440
9.005068
-2.177563
2.226529
-8.036963
3.160913
7.385649
-1.634756
4.375106
-1.118959
-3.990699
6.833548
5.795757
-2.076998
-1.806936
-1.010627
-7.560237
1.723147
7.391348
9.278327
-1.838901
-5.956300
-6.924500
-6.172372
-7.680684
-7.264446
4.055363
7.631127
3.746900
7.599925
2.628024
-9.338844
-7.457733
8.634904
7.596264
0.696273
9.734659
0.122071
-4.873396
1.436290
0.386701
5.362542
-0.147418
4.647803
-7.517000
-10.112722
0.709129
7.225425
2.453511
3.910545
-2.654080
-2.431221
3.166139
6.271728
-8.878317
-1.911178
-3.116842
-5.419031
-9.370386
-3.653701
7.658158
-1.487311
-4.966859
-1.406754
-5.331462
-0.987296
-9.492736
5.849783
7.094682
-4.936744
-4.154434
-6.630919
5.709820
-4.611555
-2.399518
-1.517138
-4.229493
-5.977570
-2.253323
-1.934146
-6.300015
-9.874271
-8.683360
4.142316
5.799374
2.872071
1.171145
-1.847088
7.945022
3.783755
5.575145
-8.286097
1.009786
-4.945174
5.849421
2.247041
4.096114
-6.550148
0.046052
-1.730956
-6.096725
9.220865
3.422168
-5.478615
-1.012386
-8.437022
-7.706983
-5.909492
-7.817409
3.458004
1.617768
3.054979
4.044233
-5.621664
7.064285
5.844173
4.219807
6.240888
-3.828558
-7.608954
-0.282618
0.685222
-2.541761
0.493851
-5.648559
6.460135
1.686634
-0.903287
6.271209
-9.552605
-9.350132
9.354888
-2.573702
4.526606
3.794980
7.795859
5.199731
-9.935359
-6.321998
-7.572556
-1.214935
-6.762793
6.035051
4.953850
4.074812
-6.606790
-8.554027
-0.770237
5.141949
2.722034
-1.672484
9.768690
5.054083
6.457813
-1.198990
0.647223
-6.883571
1.099621
-1.371141
-2.741289
-9.007812
7.780560
-3.206589
-6.586420
-0.516327
4.239078
2.504299
-8.599041
-1.408304
0.570697
3.351353
4.802425
0.154373
6.701367
-5.869510
5.951231
-5.228377
-0.121659
1.180951
0.990011
-5.792535
0.070067
-7.997895
3.020099
10.414820
-7.373651
-8.758674
-2.640388
1.820994
10.273928
4.510831
10.288316
-9.026449
-1.501691
2.159783
1.130305
2.665037
-3.527948
6.110447
-2.878544
3.972445
1.166239
4.148345
-2.228086
-11.783561
-10.708787
2.943455
10.955722
0.981092
5.473496
-8.500508
-10.762556
-6.413303
-11.697277
1.858750
2.309740
0.607340
-8.077154
0.156783
7.956543
4.340067
-2.379595
-3.705447
-4.821193
0.938304
3.754063
2.063383
8.965027
-10.370561
-2.201291
-0.319373
6.830020
2.104337
-8.311277
0.621354
10.349985
10.112069
-1.738928
-5.009182
-7.553378
-3.104476
8.763839
-5.293846
0.783270
-10.454474
3.496556
7.231658
1.293616
-9.677791
3.766512
-4.624647
1.144053
-0.819334
4.534471
-4.829359
-2.179422
10.346358
3.855034
11.431690
-5.766356
10.700594
2.494523
-2.387379
0.266171
0.944169
-1.497597
-3.226404
8.264730
2.808932
-4.640675
-3.824463
-9.618062
-4.587802
-10.134128
7.588863
4.584849
-0.421361
5.901687
5.373073
-0.790176
-3.430756
-6.861777
9.272269
2.954494
1.661704
-8.554679
-9.189841
11.616915
1.241296
-5.160772
-6.581344
-3.668807
-4.529165
2.491526
2.648182
8.600549
12.286300
10.501708
-1.425034
7.848847
-7.349192
-11.186023
0.945477
-10.421407
-4.322240
6.409227
8.967970
9.142155
-3.586121
2.860249
-7.227356
-4.647818
1.502985
-2.057719
4.262146
-1.826756
-11.188429
6.172179
-2.080377
5.082501
-0.771695
-9.916303
4.133003
10.456705
-3.699004
-11.071291
-7.782239
-0.590138
-1.437669
-4.542555
2.701496
-1.270384
-2.128022
-9.103745
-2.577534
-10.701674
-4.662839
4.299474
3.585647
1.929687
-2.899675
-5.134684
-11.204859
-5.240718
-1.946111
10.471184
7.451879
5.877466
-6.961132
1.802443
0.436975
6.207636
0.771529
-8.420316
-0.022026
-2.569574
-7.968734
5.038432
9.768928
7.920065
-4.296746
-8.763271
8.405757
-3.403228
-8.358915
-9.629316
-6.268013
9.991246
7.575902
0.639349
-7.927149
-3.258211
-7.622298
-10.682165
-6.421446
-1.791096
-5.328546
-1.512246
6.279137
1.268480
1.825886
