-6.150923
-1.227665
0.216463
-3.920157
-3.241289
-8.675185
-5.277102
-5.346848
-6.848943
-7.948948
-8.503285
-11.748112
-2.503591
-6.107346
-7.624780
-12.571487
-12.079400
-15.402068
-11.859898
-16.704869
-19.581186
-20.351539
-14.189891
-14.859756
-9.632107
-4.285411
-7.376163
-9.188625
-3.223419
-6.385108
-4.342972
-0.674886
-2.210864
-9.471233
-5.823337
-13.332711
-14.856644
-16.798269
-17.285281
-14.160134
-10.146082
-2.362133
0.451142
6.504212
4.830675
3.161740
4.673145
2.682514
0.504962
-4.541994
-11.725319
-16.952393
-18.590170
-18.451662
-24.910374
-27.326330
-33.950769
-41.803716
-48.501047
-49.333801
-47.294209
-47.711516
-48.865405
-33.816371
-40.918688
-35.358038
-31.873856
-27.483887
-20.120568
-17.945104
-17.894783
-20.833958
-23.410610
-22.316160
-20.100943
-21.744411
-21.599032
-14.900417
-23.185000
-34.314283
-33.354715
-25.263261
-27.338971
-27.633926
-32.066662
-28.350010
-26.888258
-24.241413
-30.974606
-30.658408
-29.142455
-30.236924
-28.313390
-26.309308
-28.499176
-29.267899
-23.636074
-26.593994
-25.808085
-30.177782
-32.898238
-40.173800
-48.843003
-52.080718
-47.857606
-51.096965
-47.555159
-50.768960
-52.504202
-53.391611
-53.520153
-59.600820
-53.579898
-53.038061
-48.036918
-55.493036
-52.627529
-57.020469
-56.130598
-54.364492
-56.473221
-56.345973
-56.446867
-65.771138
-67.470503
-66.333832
-67.871697
-61.527039
-57.183063
-62.736561
-63.616680
-68.279028
-63.752000
-62.744304
-66.342326
-59.053268
-60.791908
-63.792244
-60.246976
-63.991490
-66.632628
-62.605489
-64.779932
-60.099518
-68.453680
-66.279314
-62.331018
-69.426937
-71.028653
-69.603699
-64.968038
-60.710667
-49.225270
-52.394515
-45.536663
-51.258232
-53.868550
-56.064028
-55.944669
-55.776396
-50.532365
-54.496277
-53.379720
-53.796718
-47.670635
-44.736890
-44.959285
-44.294759
-45.995178
-44.016739
-42.962870
-42.733174
-45.477473
-45.663275
-43.780491
-43.941518
-47.610376
-49.252186
-51.871156
-50.382183
-51.079881
-54.075162
-57.312186
-53.500451
-54.555938
-49.471650
-47.229590
-41.288069
-41.624287
-38.301277
-36.854258
-36.471950
-38.372183
-31.503783
-33.956217
-24.782552
-25.850903
-16.955806
-22.396085
-21.437226
-22.744589
-27.023513
-29.289254
-20.755223
-26.495734
-25.580218
-19.593029
-16.316492
-12.159159
-10.443226
-7.973485
-10.651478
-7.108753
-6.796609
-6.246574
-12.871321
-11.671923
-10.655489
-11.330646
-11.248223
-8.670890
-13.159419
-17.820866
-20.073573
-14.226609
-7.335692
-12.074060
-3.978851
-8.939145
-3.345931
3.852985
6.852496
10.287655
14.482084
10.886903
9.573665
4.359145
3.113532
-0.741589
2.199135
-1.240163
-1.445517
0.074046
-6.209306
-8.579480
-6.547768
-5.862716
-9.121824
-10.419791
-3.757708
-11.468974
-13.045141
-12.192434
-3.444684
-0.107777
1.338222
4.854093
6.389940
4.121284
6.744368
9.161545
8.857967
13.866848
14.320168
11.211707
6.019677
3.626060
7.246714
7.583468
3.132821
1.176780
0.525810
-1.851332
-9.243495
-19.069453
-20.361560
-19.720704
-18.793789
-17.920302
-22.211289
-28.507616
-27.195953
-27.708647
-29.020140
-32.990666
-32.395095
-33.352972
-44.394796
-50.229670
-50.194286
-46.301340
-49.164299
-43.781192
-48.728261
-49.027088
-49.237418
-55.773960
-57.308499
-57.990017
-62.107102
-62.069930
-50.686462
-53.737132
-59.237212
-58.277017
-60.160257
-56.716928
-54.856208
-54.591198
-56.180706
-59.410961
-63.451721
-68.933964
-68.101251
-58.178583
-61.840073
-62.705781
-56.914543
-55.623238
-58.564092
-58.602232
-64.849446
-66.276324
-63.120717
-68.665925
-67.143600
-68.958359
-70.338157
-70.725571
-70.784368
-67.536946
-67.173799
-62.288014
-61.195726
-60.573556
-59.043455
-52.688824
-53.196770
-53.883274
-55.559081
-57.210112
-63.963527
-66.264553
-62.280011
-59.861966
-57.006091
-58.976234
-57.478414
-56.621463
-57.172278
-52.583434
-52.208895
-53.968882
-59.788302
-53.908493
-51.119028
-54.289467
-55.889786
-57.037906
-58.987713
-59.651862
-65.877706
-61.648185
-67.536581
-63.169998
-68.352133
-69.180828
-69.582177
-70.769139
-67.108355
-70.761091
-63.740218
-70.737468
-70.164364
-69.596775
-66.275802
-68.935274
-69.527980
-70.664048
-70.826430
-66.573058
-68.262922
-69.485606
-69.058404
-67.934053
-61.688961
-62.050105
-50.902171
-51.537082
-51.238034
-50.458206
-48.819394
-51.419943
-48.172683
-47.812995
-51.716580
-44.099222
-46.344785
-40.608287
-46.567497
-45.189038
-47.234089
-44.724371
-46.718100
-49.493378
-44.573853
-38.346988
-45.483735
-45.281164
-39.915500
-37.217616
-32.505021
-30.870048
-30.475446
-34.249034
-37.361224
-32.806101
-27.194015
-29.668516
-31.476449
-34.955275
-30.410428
-20.288267
-18.368386
-22.109644
-14.904435
-10.498497
-11.269181
-6.383715
-3.976645
0.821685
2.606210
2.864552
5.464700
0.094454
-0.473128
-10.764653
-9.814825
-7.813682
-12.186751
-17.303870
-13.114299
-10.948768
-10.635145
-16.570546
-16.849785
-22.995245
-23.046153
-20.758270
-21.384231
-17.917541
-18.423488
-17.400045
-18.681485
-19.788678
-25.951533
-23.891774
-26.182831
-24.586651
-24.684161
-20.125119
-17.911257
-15.189417
-11.210779
-5.967685
-5.686654
-0.456777
-6.534703
-2.985479
-11.635277
-16.072875
-15.122751
-15.783219
-22.457502
-25.861578
-37.195108
-43.410362
-39.935584
-44.519593
-49.962557
-54.264661
-54.304654
-54.741193
-48.664933
-46.099218
-47.445763
-54.823765
-47.002935
-45.647113
-50.827034
-47.262990
-58.689035
-61.893078
-62.995357
-63.298645
-53.022250
-56.947606
-54.622858
-62.372519
-61.234811
-66.166098
-65.949175
-66.778395
-66.079102
-57.133889
-61.291995
-60.774274
-58.316682
-60.784899
-55.858319
-57.575346
-51.989840
-49.969928
-53.215331
-51.148825
-61.677187
-57.231166
-53.309202
-57.586055
-62.535113
-57.551684
-54.215243
-52.636120
-57.216979
-56.175817
-56.536967
-54.918182
-54.355959
-52.397857
-48.847076
-55.796231
-53.858071
-53.720832
-60.014162
-58.870509
-57.544407
-53.234813
-52.654040
-55.720842
-53.277842
-49.172993
-44.615916
-39.263184
-45.282150
-44.222530
-36.194734
-26.927559
-31.581084
-25.305567
-20.896220
-25.067224
-20.930430
-20.584688
-24.513653
-26.916407
-20.980090
-25.996575
-28.220264
-19.670807
-28.623954
-25.561234
-33.182407
-29.128154
-25.402049
-25.587082
-29.174820
-27.864529
-32.493074
-29.327694
-34.678749
-40.295903
-39.157061
-37.334587
-32.774337
-24.524359
-24.550792
-27.338501
-28.503094
-24.673324
-24.913163
-26.380343
-29.932913
-30.881639
-25.647434
-24.637174
-12.714221
-13.271739
-12.498600
-12.896622
-12.892712
-16.443398
-19.628165
-18.597842
-18.530222
-20.308491
-25.957905
-20.271841
-20.711544
-25.832525
-29.630805
-27.890836
-19.343926
-20.200937
-17.684103
-18.000910
-22.835192
-20.246102
-19.607730
-19.989562
-15.742686
-17.562540
-14.832981
-16.462314
-13.084348
-6.342401
-16.542208
-14.509838
-13.904879
-17.331151
-25.786879
-29.124712
-25.120104
-19.460998
-23.373501
-26.534574
-28.684054
-31.981798
-28.984221
-30.500726
-26.186928
-24.283233
-30.746240
-31.715716
-28.817367
-25.658790
-29.281209
-31.104663
-27.401556
-26.545517
-25.242436
-29.214446
-32.507372
-34.918056
-30.839426
-25.865364
-12.450160
-5.865899
-5.766625
-7.226267
-8.363357
3.463061
-4.792636
-12.719428
-14.833251
-14.028143
-16.213993
-24.584523
-14.370193
-8.036235
-14.195733
-19.496699
-23.118549
-23.656031
-26.993352
-21.215508
-29.746594
-18.662538
-16.831133
-10.830125
-3.508584
-0.686668
1.063756
0.668006
-0.899316
-4.332167
-5.908464
-7.932567
-7.223535
-13.137031
-9.994766
-11.005840
-6.116425
-11.013098
-12.619554
-12.803547
-11.616554
-10.329986
-12.421569
-14.663578
-19.570870
-22.091648
-24.485123
-23.001720
-16.415160
-18.602375
-28.993182
-24.106694
-20.707415
-14.974309
-8.870601
-4.661004
-5.332447
3.595546
2.553226
0.326242
0.762685
-2.074997
-2.794083
-0.516906
0.277502
5.682831
8.055812
4.312335
-2.587385
-8.187993
-7.816850
-4.954884
-5.402467
-7.651448
-11.077885
-8.951889
-10.542108
-6.761563
-3.609431
-6.340884
-10.608112
-15.779941
-11.735972
-11.259120
-16.688513
-19.518067
-21.290385
-25.773947
-26.080743
-27.297436
-28.514827
-28.356592
-36.130390
-35.131268
-33.804801
-29.329484
-33.525849
-34.881225
-32.332419
-30.652803
-24.079306
-27.666028
-29.705833
-25.226824
-22.845061
-23.175556
-26.216383
-26.968657
-26.684662
-29.258173
-27.584724
-30.957274
-39.109277
-33.346509
-38.408151
-38.085613
-44.892036
-48.316830
-41.057921
-42.066132
-44.239001
-45.485476
-57.669009
-50.150740
-45.473106
-40.950819
-42.448198
-46.020236
-49.137026
-53.461352
-64.667446
-64.410406
-58.753913
-59.824016
-64.775762
-65.700721
-61.856395
-57.567515
-59.435159
-57.444362
-59.524086
-52.334622
-52.359453
-48.535415
-43.751120
-45.233503
-51.238200
-56.003576
-54.497508
-49.159047
-41.415026
-39.639586
-41.963574
-43.068526
-40.880095
-44.174918
-41.680255
-40.622155
-39.804777
-38.707177
-36.315108
-39.023472
-46.364537
-43.619086
-47.385616
-50.876174
-51.525274
-57.177219
-51.958136
-55.857591
-52.094065
-54.523905
-60.359475
-54.691351
-59.389399
-47.079573
-45.671956
-50.080435
-52.600530
-44.365846
-43.239523
-45.240373
-46.320824
-50.605073
-46.263894
-45.238749
-47.712081
-54.793049
-64.310507
-64.512901
-65.127718
-58.856926
-58.642959
-55.304328
-53.621088
-56.845031
-59.322679
-56.400334
-62.236994
-61.724130
-59.679989
-59.587158
-61.392922
-67.664388
-68.092127
-69.238023
-68.392374
-66.067422
-64.785193
-64.782423
-63.922150
-60.298948
-62.429660
-62.011039
-61.658089
-65.814851
-67.987125
-71.147521
-66.774011
-68.450118
-65.114258
-66.415924
-65.616940
-69.659955
-70.718842
-66.349185
-66.771450
-65.988267
-66.470121
-68.767733
-67.114901
-63.885822
-56.138132
-56.929163
-60.069120
-59.792742
-57.759713
-61.287569
-65.170847
-66.301148
-65.856356
-63.074910
-63.901375
-63.217609
-59.351375
-57.933051
-51.462932
-46.895092
-43.178843
-42.345134
-38.157052
-38.336036
-35.265977
-35.093768
-34.343650
-37.834606
-42.193781
-37.295239
-39.369295
-45.828103
-42.203275
-44.060609
-42.603107
-44.256566
-37.938755
-33.184465
-34.046606
-28.407343
-32.471852
-38.589965
-43.447097
-42.100183
-38.087528
-35.834262
-41.545197
-36.561363
-38.919280
-46.439848
-45.899607
-45.296904
-48.200531
-42.673139
-41.692180
-48.735218
-49.522918
-49.603849
-58.103943
-61.990870
-64.845014
-58.598755
-52.225621
-51.173176
-49.184073
-43.589068
-49.313753
-49.306570
-55.777643
-53.778794
-56.772259
-56.755299
-58.148206
-61.492813
-60.667461
-58.987195
-64.469314
-65.324875
-63.892034
-65.251679
-63.752273
-64.554316
-60.092012
-62.927993
-68.526761
-70.669045
-65.650243
-68.351820
-64.346009
-60.225741
-66.866822
-67.534815
-61.971702
-61.317544
-61.363447
-58.535201
-53.892803
-55.652810
-50.625044
-45.182134
-48.905911
-54.177346
-56.004605
-51.073422
-53.900136
-50.296332
-54.140548
-49.427321
-46.747962
-43.991515
-39.225349
-42.318101
-42.491028
-43.804005
-40.059570
-45.895841
-40.486951
-40.536303
-38.513179
-42.835378
-48.255872
-47.035924
-44.020312
-52.009009
-49.294095
-48.374752
-48.815309
-46.725770
-48.176753
-52.344749
-55.306648
-55.854392
-60.421942
-60.874087
-61.110606
-55.315079
-50.901510
-53.557005
-57.797116
-58.986056
-56.402940
-51.345138
-47.199702
-35.341013
-34.142983
-32.283715
-29.923958
-38.143613
-32.685003
-38.714126
-46.530940
-47.063112
-44.850492
-43.905992
-48.401280
-48.652896
-45.693634
-45.365602
-42.711472
-40.740955
-40.108941
-37.977998
-31.722213
-26.753747
-24.171363
-27.127490
-20.037451
-20.779476
-15.276457
-19.208166
-24.687471
-26.577453
-27.255391
-22.723772
-17.824503
-17.505499
-15.659648
-17.347861
-22.095366
-24.757098
-28.562705
-30.688563
-32.252220
-32.917134
-39.585315
-40.558232
-37.304171
-38.406485
-37.962543
-46.460168
-48.399219
-46.206142
-39.410854
-37.858559
-37.040916
-28.111905
-33.171712
-35.630665
-40.224566
-43.058391
-46.809864
-46.383929
-43.747714
-42.473191
-53.744845
-56.903087
-55.787241
-51.036316
-55.016932
-53.172009
-50.975724
-49.934665
-49.026859
-45.748272
-48.102687
-48.045904
-44.109938
-41.467895
-39.713237
-35.154942
-31.027673
-36.839782
-30.535884
-31.988347
-31.011665
-30.547393
-32.104971
-29.038653
-27.932453
-25.754949
-26.494286
-28.584129
-27.980217
-25.374453
-21.973885
-27.400618
-20.189698
-18.027813
-13.753837
-14.103433
-13.251753
-18.469878
-17.955981
-21.278968
-24.573925
-29.920383
-34.791010
-33.534670
-30.551693
-28.706513
-30.940299
-31.263720
-27.556118
-20.534424
-18.010708
-15.482155
-13.326645
-17.047724
-13.968264
-8.874228
-10.463753
-11.595452
-12.218387
-14.625515
-19.932999
-25.464655
-25.625455
-25.831349
-25.744569
-13.673202
-6.576643
-11.510361
-16.115167
-12.751523
-9.909070
-2.955563
-7.539974
-4.714814
-5.332911
0.557456
5.206108
-2.305431
-4.254667
-7.222998
-5.510894
-3.749141
-7.026202
-8.373505
-3.337605
-8.269024
-13.121991
-8.635080
-3.740185
0.176544
6.544752
9.438785
13.253374
11.516535
11.691488
15.712258
9.678428
15.342204
23.736917
20.336598
23.999182
20.719934
20.866653
21.246386
26.916868
29.028154
37.411145
32.837195
30.960945
34.059551
36.852621
43.942237
45.943298
44.860027
45.055378
44.805897
48.866761
52.805688
49.364355
53.632520
55.108100
55.857144
53.356777
52.202177
50.025664
47.724431
43.917376
50.122908
42.457590
42.225002
45.567897
45.891410
48.890287
49.810386
54.252416
52.471748
55.392672
55.243016
49.801775
51.284615
42.058505
40.331000
37.013187
36.747418
41.806397
45.096388
41.572671
47.866279
46.883767
48.494733
50.007769
48.897295
46.727752
42.447404
42.327715
41.342488
36.995030
31.828121
36.850493
35.508941
29.099136
29.722889
26.454734
25.098455
23.271841
25.878822
34.275410
35.745707
30.685814
33.666840
39.482671
33.648047
35.292829
35.084741
40.948587
40.987610
48.482264
49.178220
58.815834
62.250082
62.093813
63.486435
62.257701
61.874270
60.126820
53.042343
56.434750
51.505162
48.730567
51.938006
48.251590
46.913721
50.395473
51.045319
51.270896
46.246004
48.253346
47.709941
47.338702
41.239698
40.096248
46.946944
49.492928
49.766022
47.924421
47.420710
45.162179
43.045003
36.709440
45.015296
46.844785
48.803858
52.035475
50.364914
54.923925
58.908096
60.526911
65.065472
68.722972
67.750672
70.670162
69.024076
64.919638
70.741193
67.412794
66.533567
65.861942
68.231421
64.260143
63.348518
62.637315
60.125464
62.848221
59.114097
62.118987
57.331908
52.864092
51.595785
60.907318
57.940836
53.663147
50.947419
49.525329
52.479555
50.428928
47.812793
46.455889
42.751341
45.856439
41.839671
43.039713
45.464758
43.822904
38.888628
41.501358
43.337012
47.342943
50.722954
51.997785
49.990191
47.486180
49.385515
49.971383
54.480521
53.812251
50.573281
48.242245
53.008191
50.685375
47.189006
46.216098
41.850961
41.496877
41.133155
40.930400
35.470921
34.584545
33.349797
34.516161
36.225818
39.439868
40.339132
40.014561
33.956754
43.710484
47.836236
46.366883
44.159605
39.066033
40.330670
42.044079
42.145042
51.478800
57.991359
63.362947
64.012979
56.270075
55.272918
57.066614
53.930229
54.415554
54.523397
46.231480
49.619076
48.688151
57.419024
56.848059
59.024955
52.637405
51.166265
47.282412
53.947662
47.185175
47.696061
51.255595
53.132971
52.203179
49.867607
51.965781
54.079464
52.366276
57.446851
58.678456
63.243710
64.956789
66.514578
68.187637
71.348675
67.581157
69.852538
65.497154
62.751015
66.078823
66.274336
68.780043
65.176701
67.299571
61.024457
66.734191
62.006964
57.146406
56.857879
56.177852
48.802386
50.203237
44.989498
47.223803
46.441649
49.815529
57.930979
52.886734
52.703352
47.463407
46.401149
42.884615
43.114988
37.738415
34.457284
31.909921
32.908470
29.544721
21.476944
23.176461
21.116626
20.498056
25.988161
28.671328
35.179856
40.439326
44.333163
41.257670
44.897095
42.845956
41.977865
38.983207
37.195277
41.701656
45.359696
46.313878
45.697983
48.050055
46.325582
45.325151
47.790994
37.588176
34.944338
35.379439
38.315141
36.119019
40.438860
40.370172
36.935052
37.108769
33.438858
32.507456
27.332116
31.227417
31.192122
25.401083
29.269504
32.558669
28.358845
34.291101
33.008788
32.743063
36.200775
38.363538
36.001716
37.303160
39.719455
37.376972
39.161053
47.323071
49.463668
57.721918
60.534971
57.904347
54.421995
54.610562
52.088523
48.002052
48.639681
49.647426
43.044587
47.323978
49.759469
46.019419
46.298245
45.683513
47.689805
53.420254
51.361171
56.482447
55.368256
58.230534
57.288765
50.996115
55.078418
61.146373
59.915947
53.724376
51.319907
48.850391
53.403461
56.389349
56.192134
49.753910
41.131248
46.254295
51.573827
52.016214
51.036211
54.920900
55.504985
54.535263
46.772492
44.544175
50.829910
57.363428
57.715610
61.389470
58.846094
57.028614
55.363091
56.935665
58.350871
58.607010
58.517078
61.251705
54.479857
54.009763
53.562837
49.238124
49.830400
56.229648
51.837319
52.301264
53.783027
59.537377
57.720120
61.102252
58.773510
55.388122
56.915016
55.145619
56.355644
58.349031
63.027906
57.629227
58.499853
59.911001
52.372623
52.562114
52.121983
45.733387
49.119786
44.273115
49.107797
44.464001
44.212639
41.527266
45.176026
47.096397
48.088345
52.377937
50.971025
55.102415
53.565370
52.380773
55.804431
54.382815
52.515607
50.987598
46.133341
44.571204
45.881677
44.255884
44.883238
39.065308
45.687842
41.841801
38.193260
37.129190
43.549745
47.911698
56.202892
47.921860
53.411441
51.215434
54.541490
50.634780
50.763631
53.808374
53.218926
54.970241
58.142605
49.455404
42.152598
41.043554
39.815675
39.462095
38.747753
32.750989
30.069527
36.705868
35.122960
29.861768
31.553581
30.073445
30.851739
27.615880
26.053324
21.559468
23.699306
22.462691
24.950159
24.114546
26.669392
29.682655
34.266791
29.271998
30.053694
32.965503
32.220002
27.974236
32.580338
33.881592
37.992643
34.610782
37.810206
35.553146
32.537072
36.534610
36.902782
29.531124
30.401818
37.142220
37.199557
38.798466
34.646217
27.393153
26.497731
32.336152
33.473486
30.491118
29.483485
36.139390
33.848682
31.923164
36.302745
32.901108
32.835254
31.346885
28.027449
28.902596
23.770574
28.078380
30.370796
29.225116
25.366302
26.934840
24.119276
24.456545
27.514394
32.620429
34.634522
31.274172
34.646695
30.200122
30.067329
34.906104
37.126386
29.104167
32.508388
35.350273
27.340157
22.645544
25.729335
22.415232
23.479049
25.344932
25.116655
22.218399
24.090754
26.013649
24.894151
21.934009
26.892332
22.996951
21.765629
22.458643
18.540225
19.554316
18.769105
20.563256
24.229312
19.051917
27.036073
30.602819
26.870056
27.205511
23.192471
22.819611
30.331649
22.139406
28.809734
26.686970
21.608441
18.802576
15.636690
20.756561
24.532948
24.070480
17.627483
17.468449
8.253090
15.718184
15.783697
11.562394
12.242618
10.767166
8.728706
12.075919
9.392867
13.355401
16.013098
18.893266
19.783434
19.626571
14.993332
13.835893
8.384049
10.522668
10.292336
15.098088
15.008055
8.656351
7.398295
10.429747
13.766546
3.911996
4.189240
-0.383575
3.857975
3.678962
-2.633997
-1.536567
1.196672
-0.546889
-3.643566
1.460116
0.106300
-3.529782
-3.640428
-7.159266
1.434506
-1.004356
-2.635613
-0.234888
1.618247
-5.589077
0.280659
1.222624
-1.671867
-0.400411
0.541647
3.362020
5.865310
4.577367
8.171677
5.601547
8.027924
6.162360
4.473417
6.731683
3.137763
10.299055
15.167445
11.048380
9.964381
7.631684
11.466515
9.364709
5.710961
2.358081
3.079982
8.547484
8.522965
5.910962
0.430148
1.105488
4.335446
6.480658
4.236133
-2.561697
2.674079
-0.794254
10.730341
12.252529
16.889909
18.265647
17.149559
26.833603
23.687932
22.949806
24.213818
28.773873
29.031916
31.070045
38.456533
36.985729
44.482929
47.743729
47.607703
46.459584
43.769941
43.488626
40.470996
37.018659
32.045172
34.918921
35.022467
36.784915
39.504518
38.100025
39.890121
40.705672
41.616755
36.846077
33.103347
33.672974
31.187071
26.021280
27.922841
29.498780
24.428224
21.654232
24.464917
26.301714
25.897652
21.010026
22.020891
20.539860
15.411230
18.897280
22.355132
20.124516
22.317827
27.799249
33.430004
36.249068
38.728118
37.592901
43.993277
44.695265
44.184553
55.983438
51.614071
54.878771
54.311098
53.919936
56.536713
56.782291
59.468689
59.774030
61.534312
58.755713
58.451255
60.758855
63.194688
68.268886
66.262120
68.372639
67.003199
70.115426
62.773990
67.318575
69.819175
63.872487
61.935418
57.980155
57.666497
49.180470
51.428533
44.434843
46.776750
47.886741
43.769222
41.669695
35.821194
41.505508
34.122280
36.740260
30.469354
31.066608
30.786048
40.323518
40.108103
37.046381
38.238576
32.562307
33.943954
36.880728
42.327025
52.864285
53.065727
53.010613
50.991330
52.698516
47.087533
41.938024
45.949112
42.196010
39.874502
45.952718
45.687095
51.350378
44.679081
42.080218
42.344824
41.007908
46.264593
46.677484
51.619815
49.935649
41.765881
41.452760
39.584938
40.566994
48.737186
52.225012
50.165270
55.860584
59.923497
57.408299
55.436691
52.231953
49.941521
41.908884
39.785351
38.699773
37.840026
35.832867
31.375371
30.506099
24.973685
26.068378
26.369898
20.171742
12.026255
20.164676
16.566090
14.196243
10.145857
13.930383
22.442357
23.666105
19.691588
19.662753
15.356416
16.590567
14.673389
16.873792
16.619382
12.314849
6.473721
7.887116
9.015800
12.092764
9.317501
15.294989
9.896306
13.278495
1.418794
-2.493240
-0.329276
-6.659837
-2.626059
-3.205899
-2.999973
-1.086162
-1.686227
-6.108268
-0.729644
-9.375559
-13.563381
-17.834968
-19.154843
-11.259316
-14.234756
-10.586589
-13.040375
-19.973089
-17.024853
-17.672720
-13.513160
-11.882799
-9.962683
-8.960345
-4.625732
-7.342758
-10.743382
-14.943474
-17.952195
-23.582737
-16.941115
-11.711605
-13.785313
-12.966380
-9.405964
-8.466275
-12.435297
-19.793909
-23.211032
-24.857870
-22.093849
-18.094485
-19.870384
-18.474231
-22.226031
-24.615161
-25.709114
-20.712530
-19.894307
-25.375169
-22.969477
-27.693866
-24.187247
-27.581905
-18.456818
-24.332962
-20.530247
-21.422396
-16.190273
-17.302880
-16.372848
-18.250045
-25.947282
-18.859617
-13.213133
-7.788898
-6.991278
-1.875995
-2.575128
-6.273382
-15.068057
-10.643785
-2.824862
3.041670
4.162352
3.274168
-0.023644
6.652920
2.173813
6.726810
6.598187
8.258433
3.618670
-0.060004
-1.707079
-5.921308
-4.065811
-6.457564
-9.129774
-11.164607
-13.309618
-15.300165
-16.869992
-18.804321
-18.360575
-13.428193
-11.488131
-10.607285
-15.417522
-17.031993
-18.703800
-17.945390
-17.749970
-22.322463
-21.708827
-15.352718
-14.356410
-12.106998
-13.468056
-11.187341
-13.810977
-16.301073
-20.474438
-23.704493
-17.420739
-15.012584
-6.303991
-3.148181
-5.298136
-6.291518
-3.760027
-1.127288
-2.476659
-3.458212
-9.687020
-12.299873
-9.961725
-8.590113
-7.780307
-6.926516
-11.440449
-12.616201
-9.993319
-8.836918
-5.612368
-8.450017
-12.264232
-18.204345
-29.463319
-17.782953
-10.711254
-9.427639
-8.076069
-9.017744
-6.657883
-4.061558
-1.826660
-11.449169
-8.158496
2.848107
-0.739252
-3.846679
0.758939
2.389397
1.089288
-2.817098
-6.942792
-8.976087
0.963524
-2.824155
1.685920
2.801423
-1.163083
-5.543308
-5.073612
-5.722488
-3.344077
-5.676773
-15.403152
-14.515745
-13.792150
-10.431351
-11.455827
-15.078770
-11.228622
-8.236400
-11.439577
-9.027495
-16.991680
-5.574086
-2.197916
-5.188715
-5.525008
-9.544048
-8.755008
-16.135601
-6.858114
-14.926888
-17.123069
-12.990175
-10.539871
-11.710899
-6.715287
-6.749817
-4.546977
-5.193832
-7.780172
-5.914269
-11.906708
-9.215978
-7.891383
-12.258414
-8.711268
-7.597870
-4.319754
-7.915144
-12.375099
-11.929239
-13.499237
-10.166424
-14.039605
-14.683386
-13.258165
-5.442656
-9.160308
-3.272294
0.126905
-5.598124
-9.241623
-12.714921
-17.849274
-17.930902
-21.008091
-21.243315
-26.066266
-25.400793
-22.867645
-19.294687
-16.957122
-16.399744
-18.705553
-24.477066
-40.307113
-42.237222
-38.320367
-38.475404
-38.475537
-44.029213
-45.464645
-47.112488
-43.900807
-41.972036
-43.077343
-47.665963
-50.175340
-41.187820
-41.709969
-33.684707
-35.488153
-42.163686
-38.482250
-41.439769
-41.099783
-39.144166
-43.958295
-46.461130
-44.381066
-46.607812
-39.169435
-34.659332
-32.561070
-29.662125
-27.639564
-33.479120
-37.147040
-40.545271
-36.108921
-30.301144
-32.469407
-37.882661
-34.887597
-31.862805
-32.777982
-34.814896
-29.588886
-35.841190
-39.360930
-40.928711
-42.381050
-43.513205
-50.103294
-51.135634
-48.216752
-52.339650
-53.242422
-53.988311
-57.630187
-51.142397
-48.472593
-42.132561
-44.023443
-41.428723
-41.116300
-42.757306
-41.591216
-44.749842
-45.787318
-35.787045
-30.751264
-33.275288
-33.934512
-32.222805
-33.206441
-28.278241
-28.674299
-30.687813
-37.533005
-38.364681
-44.146134
-43.751937
-44.638078
-49.468606
-50.477354
-54.439434
-50.045733
-49.662766
-47.253726
-45.766101
-37.513848
-35.914516
-36.932998
-42.524509
-48.736877
-45.985735
-47.977688
-48.518535
-52.305187
-54.544971
-51.370383
-49.812515
-46.895600
-57.204517
-56.916713
-56.280673
-48.378456
-45.835599
-42.373072
-47.493561
-39.228476
-40.484578
-46.845871
-49.769394
-50.237580
-52.635567
-50.573414
-52.359265
-50.506305
-48.960235
-44.788702
-49.523727
-40.995849
-40.792308
-38.463939
-35.810616
-44.444677
-43.265374
-47.375261
-48.020608
-48.306905
-48.089363
-47.471174
-47.011563
-45.961397
-50.345266
-52.669515
-53.591960
-53.419025
-57.531771
-46.340440
-49.633215
-50.100306
-45.671282
-36.703830
-33.116792
-28.666729
-24.630917
-25.675638
-18.127793
-22.632538
-24.100512
-28.888143
-26.965185
-25.250226
-27.896542
-23.406070
-17.998302
-20.549876
-22.585729
-28.976281
-29.538518
-29.628911
-31.194817
-26.112804
-30.306986
-33.527125
-30.950023
-26.693455
-17.087169
-15.151193
-13.953832
-14.633391
-16.210158
-19.559849
-18.353775
-15.562597
-13.383897
-18.027042
-18.438279
-17.135761
-16.038013
-14.005262
-12.991781
-11.772940
-16.092815
-16.830861
-23.372320
-25.012003
-23.021725
-21.654647
-21.943686
-24.961811
-26.764043
-24.036574
-19.046800
-12.648495
-14.744837
-13.230905
-13.822563
-13.050875
-21.726584
-11.339682
-13.188519
-16.167287
-16.316332
-20.555753
-6.087715
-5.345277
-13.242266
-9.401786
-8.507262
-13.196091
-5.409194
-5.337920
-3.773332
-5.020562
-7.506875
-13.898662
-10.274447
-7.800268
-6.184747
-0.517856
6.197068
5.006130
11.214834
10.218876
10.924851
16.733946
28.128108
29.704048
28.218059
38.803282
29.508379
28.418034
29.744191
30.583827
35.174055
25.153340
22.891882
20.532467
19.698523
24.296234
14.003994
14.443917
11.554986
12.713917
15.033688
16.972515
18.655001
21.442574
16.897022
22.630489
13.322336
16.735376
18.243284
18.849085
19.345334
20.928520
17.315341
16.644999
16.284975
25.004368
26.450445
30.328795
34.379644
34.681421
33.363962
22.776263
24.436892
19.627134
22.509096
24.064283
16.109951
16.523439
19.619726
23.453050
20.611621
22.912334
20.979480
20.734147
30.601117
30.691642
33.888597
37.063313
37.901711
38.404110
34.431188
34.623098
36.495388
32.472979
35.103111
39.165158
37.777256
30.844588
32.135284
39.958140
44.029950
46.392114
45.414911
47.078162
48.193460
51.006204
39.687627
43.446458
38.592418
45.744969
48.983197
50.539433
51.806588
55.569631
65.187300
63.453014
62.511697
58.837770
59.484670
53.069425
53.850622
53.488069
58.942566
65.441895
62.900704
61.497842
65.980511
65.277383
56.655990
53.014795
51.361818
52.851940
58.994252
63.618531
62.149033
66.815297
66.277566
63.607659
58.062859
58.555345
59.393984
59.001723
54.602011
50.052245
53.746046
58.494996
62.092762
63.363421
62.413822
56.572656
65.698923
60.968493
62.101247
59.178556
55.222461
58.457518
56.252743
58.693207
53.384533
57.887948
60.803490
62.368382
69.450637
70.280802
68.722691
71.393361
64.544250
66.349717
64.437822
63.899241
58.907864
56.175234
65.622967
60.378497
65.490704
59.498938
52.175793
52.830621
55.598346
57.041638
48.743212
49.325188
48.560729
49.854391
52.229370
45.544842
44.857357
45.435664
46.984230
51.086717
55.012305
54.122138
59.729361
60.291115
58.856130
58.633501
51.377116
53.379759
51.536754
54.207486
60.645695
54.338807
51.820783
55.523432
60.643245
51.885770
59.985052
64.755878
62.892916
59.896972
55.137245
51.081765
49.941889
50.611019
50.512522
50.826799
50.544447
49.795097
47.740329
46.861779
46.374195
49.101119
43.152163
45.803071
43.358591
41.039198
35.847675
37.530885
36.919592
30.785157
38.510515
36.765000
33.850552
42.939956
47.425163
50.183738
57.343362
56.738529
58.604729
57.386871
54.559251
50.021650
53.446934
50.961131
57.842796
59.830627
49.507247
54.594608
51.765357
56.518129
50.769510
49.742473
51.663572
53.587522
55.100858
57.752518
58.705881
54.833042
53.143109
53.936029
53.478787
50.487377
48.149604
44.119556
49.643857
55.718703
55.744747
49.577592
50.753157
52.642794
50.031391
49.496600
48.384050
45.443426
47.592387
50.991061
47.916835
50.867092
58.823550
54.291963
48.233219
50.957653
51.773986
50.510675
50.078546
53.991614
55.045922
59.772784
68.431676
67.917705
68.870644
66.293525
68.230567
65.825835
65.252624
60.611064
60.888085
60.397926
54.778343
51.028456
48.034674
38.588933
35.521876
33.451245
32.400277
25.436081
21.542847
27.135791
19.880573
20.654313
20.684404
23.946949
21.300821
20.930082
28.186472
35.147930
31.864694
31.700259
28.129057
24.632523
16.354430
16.712193
11.338044
8.748498
1.252604
3.379603
3.892728
2.556750
-0.002448
-2.399827
-5.570680
-17.026203
-21.446659
-24.077064
-24.516582
-32.808135
-28.344000
-34.236374
-41.318053
-45.686817
-42.863864
-45.000633
-45.035301
-41.134685
-43.747053
-44.026928
-42.638061
-43.595493
-38.395940
-43.583316
-40.731349
-31.462104
-27.862098
-31.665843
-26.098712
-23.871701
-16.571500
-14.918821
-15.993806
-19.253462
-14.346307
-21.690282
-29.421882
-31.885365
-30.949098
-22.928168
-20.243048
-21.616331
-19.739053
-24.836354
-27.520592
-26.525283
-29.207244
-33.732961
-37.400334
-36.766505
-35.459665
-26.334333
-21.040664
-29.945965
-31.337771
-30.738986
-27.977527
-26.438423
-23.261349
-25.332458
-28.224108
-34.574885
-32.191507
-30.846681
-33.472384
-30.081911
-30.278859
-27.681973
-29.901447
-29.356844
-31.095321
-23.883313
-27.418906
-29.753153
-31.233510
-30.999715
-30.844194
-31.237704
-29.776688
-32.351300
-33.773207
-38.646932
-36.847615
-40.126537
-48.211606
-59.489300
-64.331932
-63.193217
-64.117325
-60.615865
-56.358560
-59.775857
-64.377126
-65.171649
-60.958395
-61.424149
-64.710690
-58.772692
-57.924484
-54.929501
-60.277897
-56.133310
-58.699391
-60.568126
-59.622945
-62.453361
-53.881616
-53.789098
-50.284660
-52.123342
-56.283563
-52.728725
-49.413682
-37.257396
-37.482756
-41.694911
-39.111506
-43.354047
-39.969479
-36.784949
-40.477660
-39.491843
-42.275554
-46.420914
-45.282160
-39.047967
-44.089689
-38.530441
-41.193426
-38.954871
-37.496762
-35.360009
-33.950234
-36.799641
-45.338711
-51.341769
-52.695900
-50.692809
-50.026773
-48.233992
-43.018587
-37.502606
-39.166010
-37.149166
-37.967523
-37.775562
-34.060904
-38.386073
-38.459437
-44.254555
-37.817365
-36.783439
-45.158534
-49.278566
-47.230943
-45.838249
-43.668669
-50.627653
-54.109545
-52.566442
-47.501536
-54.580864
-48.547822
-47.155093
-45.752475
-46.473790
-44.281572
-46.284842
-47.817601
-45.581041
-43.946096
-52.262247
-46.288851
-45.552646
-48.119909
-46.344239
-49.617984
-51.068445
-53.444338
-44.294411
-51.285523
-45.489509
-47.445548
-52.130195
-54.117164
-54.950491
-51.702734
-56.344066
-59.249652
-58.171392
-58.652070
-56.731330
-58.580081
-58.045433
-56.782946
-58.908950
-63.117452
-57.139469
-66.785263
-70.494770
-67.683655
-63.929929
-64.575626
-60.250218
-65.495515
-61.108234
-62.274604
-65.531848
-66.286215
-66.665388
-71.624730
-70.981508
-69.141021
-68.477869
-67.198288
-61.482387
-61.390218
-50.177770
-50.642766
-48.208443
-48.368180
-47.913509
-54.849221
-57.027679
-54.545876
-52.342199
-52.268004
-53.681728
-49.329159
-52.088698
-58.364034
-58.841740
-60.856669
-65.853663
-68.007662
-67.117988
-64.034012
-62.874267
-61.398060
-58.884190
-64.123544
-65.596198
-66.103102
-62.348525
-60.593603
-63.848749
-60.619794
-57.190199
-49.779843
-55.275375
-55.841131
-50.274075
-50.955574
-52.296079
-58.289197
-62.121170
-60.499981
-57.813920
-53.126054
-51.998284
-57.468170
-61.921420
-58.527348
-59.405008
-58.938644
-59.652881
-62.316449
-63.069744
-67.233552
-64.834548
-62.898882
-64.662290
-58.895282
-53.961535
-48.048638
-50.106493
-51.707780
-52.078665
-59.206854
-60.495822
-56.409381
-52.170872
-51.749866
-60.260575
-63.523869
-62.994308
-66.387692
-72.231012
-65.563490
-60.755905
-58.105582
-61.865504
-59.689326
-60.617777
-63.593300
-58.739905
-54.962755
-49.364659
-51.673846
-53.026695
-45.000321
-45.451816
-48.994081
-46.733441
-44.488385
-44.220099
-40.379000
-40.207444
-40.081671
-33.971507
-38.996508
-32.830935
-36.701314
-34.479573
-39.359724
-37.726723
-36.714664
-29.060822
-30.642203
-31.453377
-36.642060
-43.950053
-51.870464
-54.334418
-53.641995
-59.493474
-61.740892
-57.505133
-55.896107
-53.034318
-57.643044
-56.791779
-57.752379
-59.218071
-58.344332
-60.040197
-59.881324
-59.143319
-58.382855
-60.062429
-59.061672
-62.864518
-62.212176
-66.188509
-64.772781
-62.022230
-61.691426
-59.764772
-61.830335
-59.750223
-60.154338
-60.342637
-64.163869
-65.808650
-64.133115
-60.153787
-59.047880
-49.657685
-47.752181
-49.056863
-45.055835
-43.050165
-41.686785
-45.690783
-40.438236
-36.081274
-37.871615
-43.391932
-45.494223
-46.276669
-49.252831
-43.742425
-49.940205
-59.518804
-59.745654
-64.991733
-65.398118
-60.045555
-61.084987
-56.763901
-63.779577
-62.278191
-63.270777
-66.389738
-70.463600
-68.185881
-63.015272
-56.277077
-55.635519
-57.282144
-54.915771
-45.042839
-42.293614
-48.742519
-52.500308
-47.200938
-44.581662
-46.765776
-48.610250
-47.453930
-57.050503
-55.527900
-55.682741
-58.343261
-54.884873
-56.329965
-57.012064
-52.210752
-53.830937
-53.346316
-53.891883
-49.765049
-51.512952
-46.746921
-40.474557
-40.531373
-40.007952
-39.277668
-38.094098
-38.801998
-42.134718
-48.325364
-51.338276
-50.000563
-44.186982
-49.931205
-51.768172
-48.302686
-49.724217
-52.273463
-44.318297
-45.664799
-41.000471
-38.093122
-37.463547
-39.974958
-42.130874
-39.463126
-44.108862
-37.686361
-35.394040
-39.753337
-38.000951
-43.861690
-51.242377
-44.690165
-48.311257
-44.695326
-51.414273
-50.509047
-45.778403
-40.678052
-37.250592
-43.744332
-51.863852
-42.172015
-39.211504
-39.552208
-35.201623
-30.350897
-32.111913
-30.551331
-23.574897
-30.028190
-30.585400
-28.981596
-30.516813
-32.328653
-40.198601
-37.852778
-41.071734
-37.031258
-34.011534
-27.323968
-25.785858
-23.079717
-27.922186
-33.127157
-29.662749
-32.940589
-29.040219
-26.300856
-32.735181
-29.949868
-33.232001
-33.851608
-28.319584
-28.954690
-39.059657
-43.646383
-41.384688
-44.534137
-43.502193
-48.347998
-45.887600
-43.812615
-36.189640
-40.896916
-44.171743
-38.267684
-37.207304
-45.748000
-46.625434
-46.212878
-49.464365
-46.837362
-48.669952
-49.400380
-55.665883
-54.208739
-62.627886
-66.527325
-67.994788
-69.183664
-70.375456
-65.393702
-69.441656
-68.242157
-67.443835
-71.060530
-67.421405
-69.369751
-68.266804
-67.844732
-70.313220
-68.327229
-69.560313
-65.299141
-59.179975
-66.632452
-67.740132
-68.950549
-66.719618
-67.263157
-63.429991
-67.815982
-67.651844
-68.345269
-68.536486
-66.479295
-57.675844
-61.789585
-53.272221
-54.156737
-62.020425
-60.813887
-61.995931
-60.349938
-66.507254
-62.599774
-53.639277
-57.300846
-53.785374
-40.035043
-34.389949
-34.878076
-32.030953
-34.426598
-30.889627
-35.418590
-33.460632
-37.422546
-41.791276
-45.559889
-40.413067
-35.405830
-29.188691
-22.307594
-30.456406
-33.981452
-31.494982
-33.662142
-35.260536
-38.296931
-42.493939
-39.016193
-33.487673
-36.995429
-36.837257
-35.427235
-38.974211
-40.068219
-37.618754
-44.242348
-49.047087
-55.228406
-45.411069
-45.083706
-47.577968
-45.383228
-38.525598
-42.454077
-44.779194
-44.690291
-44.061530
-51.842794
-50.367263
-40.761326
-40.782775
-51.205271
-51.673015
-41.988767
-35.937450
-41.697518
-41.415958
-38.927820
-32.083163
-26.289543
-25.206804
-32.406964
-32.995213
-29.356677
-42.168781
-43.392083
-41.766285
-41.375799
-44.428255
-42.304324
-39.032343
-40.855678
-35.214627
-42.591680
-45.724863
-45.640320
-42.382856
-37.840684
-40.446407
-47.906230
-52.057878
-53.295713
-54.254677
-49.535852
-47.116343
-44.029060
-41.801783
-35.397569
-30.255077
-30.202265
-31.572238
-33.449233
-28.369152
-27.921241
-26.578683
-20.918164
-25.807363
-24.763702
-23.504182
-25.356916
-31.280670
-40.527794
-40.416484
-36.143142
-37.697154
-36.413136
-32.127731
-37.038879
-33.518283
-40.747960
-38.910671
-41.883692
-42.673019
-47.326665
-46.104789
-45.789900
-46.838857
-47.584626
-51.295442
-47.612563
-44.891528
-47.989005
-57.126600
-52.695834
-53.352153
-54.351597
-55.046012
-63.074724
-60.971420
-65.533176
-63.659614
-61.411009
-59.264639
-54.194253
-55.695098
-47.453382
-49.977247
-48.530850
-47.121811
-42.902739
-49.566830
-48.156469
-48.408778
-53.960006
-51.653182
-56.732896
-53.196853
-55.638857
-53.334291
-45.816463
-44.159375
-38.734104
-36.061264
-36.557891
-40.395387
-41.790064
-42.073899
-39.943238
-38.206462
-38.006812
-40.146188
-38.072424
-38.847061
-44.379205
-49.134003
-52.172232
-58.551460
-57.244290
-57.381753
-53.437650
-52.423862
-51.123455
-54.432193
-49.263941
-51.292992
-59.101166
-62.198814
-61.579577
-56.495353
-56.267927
-55.383885
-62.327874
-55.950113
-52.247311
-59.296463
-61.717636
-61.308235
-64.907260
-60.573281
-56.547894
-54.428480
-55.218428
-58.186198
-62.537036
-67.700298
-67.196466
-62.434416
-60.319051
-53.312617
-50.405403
-49.524485
-56.706881
-58.447978
-46.267118
-55.139148
-47.338079
-45.324277
-44.693003
-42.389138
-49.850731
-41.223233
-45.472915
-47.071252
-49.503629
-51.790813
-50.388533
-51.800586
-48.959024
-51.760358
-45.757520
-52.998953
-57.238578
-59.953165
-60.276145
-61.648554
-64.303269
-61.732052
-59.530216
-57.821377
-55.316175
-53.835741
-52.075138
-44.464411
-43.700332
-41.368819
-41.780675
-41.267867
-46.776462
-46.473892
-47.074136
-53.285922
-56.283716
-55.736713
-58.193316
-49.777245
-48.372907
-47.873983
-50.022144
-48.343901
-53.450707
-45.073774
-50.560115
-56.356481
-57.771495
-53.883531
-52.698659
-53.113037
-58.343932
-55.203546
-58.718645
-59.748301
-57.546052
-66.357299
-64.035437
-60.312153
-51.143045
-48.153818
-44.559897
-43.759621
-46.304064
-41.904816
-35.818116
-42.509255
-44.770711
-37.714476
-36.025529
-31.770592
-32.783612
-27.825841
-37.758152
-32.233773
-34.029167
-30.445828
-29.972373
-26.904649
-27.530421
-22.413659
-24.517661
-17.518614
-19.666875
-20.859351
-19.355846
-21.721693
-23.253293
-24.696489
-24.446101
-32.825718
-34.096194
-29.233197
-36.019095
-34.114230
-32.274328
-27.478853
-33.424710
-35.183011
-34.671671
-40.389673
-41.624156
-42.844955
-35.252078
-37.693921
-38.170554
-37.290379
-34.730631
-28.568237
-29.316876
-27.877973
-25.376045
-28.929769
-36.976790
-38.920828
-40.758480
-35.581754
-41.582653
-42.944782
-48.717936
-44.015756
-41.237692
-45.845415
-47.351030
-50.769787
-38.970976
-35.709210
-35.524085
-37.364548
-43.382753
-39.676181
-42.539475
-46.931943
-42.486301
-36.893583
-38.537761
-43.882020
-39.632532
-45.363370
-47.818509
-42.923388
-44.019498
-42.869209
-38.382291
-36.873483
-37.316853
-40.656020
-38.054104
-36.438316
-37.344885
-42.847547
-37.476011
-42.059719
-49.648735
-45.795496
-47.077938
-46.989551
-47.740083
-44.402847
-45.201649
-43.605125
-43.740820
-46.617530
-45.657884
-47.637279
-44.628585
-38.459162
-42.756530
-40.955999
-37.072818
-34.777165
-37.540800
-41.402820
-39.012974
-47.185751
-46.477619
-44.158069
-47.847160
-39.643681
-44.278760
-40.185200
-39.580900
-37.951755
-35.513939
-36.841736
-33.002575
-31.765392
-33.128046
-26.271484
-30.477837
-27.247524
-21.371693
-19.282286
-19.022467
-19.358601
-17.547369
-15.381845
-9.706576
-7.593431
-2.606013
-4.268476
-1.759762
-6.708392
-4.518647
0.452814
-0.111469
-3.294206
-7.725476
-9.812176
-6.363319
-4.924152
-13.825712
-22.989483
-22.128564
-25.355707
-26.861003
-28.501332
-20.694446
-23.227291
-27.817650
-30.739667
-35.228253
-30.728530
-27.322984
-29.773200
-30.094632
-32.021896
-34.194897
-28.730930
-28.658726
-25.125507
-27.752143
-24.118045
-26.613026
-21.522481
-28.455684
-30.912837
-30.603204
-32.471665
-32.751894
-34.557696
-31.211392
-17.741659
-21.604598
-20.788364
-16.149213
-15.158698
-13.374188
-7.659936
-10.444817
-17.295358
-13.937666
-13.756271
-13.970959
-18.419687
-16.693902
-23.765323
-29.459995
-33.019859
-32.734032
-33.122007
-32.914602
-31.572485
-32.385273
-28.333457
-28.095002
-26.174997
-24.095910
-27.243632
-23.842983
-20.876642
-19.741391
-25.457098
-23.159952
-19.695141
-20.431599
-26.685695
-29.970369
-30.408677
-28.343154
-28.878147
-33.070268
-30.128786
-29.064044
-23.185156
-23.762618
-22.345489
-31.278500
-24.526780
-27.803054
-24.160095
-34.121482
-32.017826
-36.767162
-39.335824
-40.435287
-38.718413
-40.757645
-33.768769
-35.190869
-34.356544
-34.101106
-39.386821
-32.915010
-37.394646
-32.789896
-33.074550
-32.533937
-31.863897
-27.824068
-32.587888
-32.000463
-30.040045
-24.399739
-21.222816
-25.267383
-28.864728
-28.564456
-32.996091
-27.309671
-23.518442
-20.672711
-19.829208
-21.849990
-27.453564
-33.362807
-34.866983
-39.129767
-39.818790
-43.782022
-37.088321
-38.011841
-31.791052
-28.276667
-29.641111
-27.683618
-26.275981
-27.224131
-24.515031
-23.489371
-30.647778
-31.098046
-29.180906
-23.754280
-24.725979
-26.954814
-30.854175
-30.169517
-28.513564
-32.371809
-32.757723
-33.225856
-33.715716
-30.074750
-30.968046
-32.995421
-37.825631
-33.234304
-24.553781
-20.468930
-16.313062
-16.508579
-21.451918
-20.622886
-19.620918
-24.403686
-22.348329
-22.813718
-22.304248
-24.377050
-26.300889
-26.011851
-27.576611
-24.929344
-24.351751
-17.654392
-25.340019
-28.556238
-32.132898
-31.447228
-32.517860
-35.555310
-35.687042
-36.075028
-33.837478
-38.497915
-33.955635
-39.443595
-37.965698
-35.596828
-33.740824
-29.819090
-34.953041
-25.918031
-22.987860
-22.951028
-23.580501
-20.280986
-25.953898
-22.769067
-25.337026
-22.944566
-19.276842
-20.336764
-21.429123
-26.817893
-30.385542
-31.688675
-24.623317
-28.886678
-40.324664
-38.796201
-42.607961
-40.767241
-46.558365
-41.869744
-45.046169
-42.533095
-43.451827
-41.859394
-44.824205
-48.805750
-49.748467
-47.953898
-48.519921
-50.671563
-48.810550
-45.165597
-41.608098
-45.009769
-50.268321
-46.229949
-46.751071
-50.757988
-55.970066
-57.563921
-60.035580
-63.543772
-61.730079
-64.012402
-61.003268
-60.104195
-61.522000
-66.036600
-66.110816
-68.675019
-61.819947
-68.508395
-71.555638
-71.682963
-70.488938
-60.498158
-63.999414
-68.152306
-69.641824
-60.816400
-53.330325
-56.529044
-56.596901
-55.098853
-53.637740
-47.314761
-45.017713
-47.554319
-50.350047
-47.150033
-45.556526
-52.285080
-52.415940
-48.245769
-56.907001
-49.037732
-53.549436
-57.052140
-62.837520
-59.178290
-61.504659
-55.930671
-56.662105
-60.628726
-59.395761
-60.970055
-55.707289
-53.601432
-51.953492
-44.390234
-40.608936
-31.722447
-32.610840
-33.147610
-35.432873
-44.527118
-35.775196
-35.652689
-37.663861
-35.984169
-33.767600
-32.791320
-30.066534
-25.903470
-23.378564
-21.518189
