47.686903
45.270164
35.955157
16.026258
5.212056
10.646965
12.724267
6.663111
17.607994
9.606249
5.400317
6.764584
18.234066
27.464322
23.980493
25.247116
26.865116
26.287567
26.021988
28.079488
26.988480
27.084028
42.343694
46.864858
53.692458
48.632230
48.490299
52.076446
60.959588
56.115675
51.887621
43.604911
34.451119
29.933120
34.591428
30.347131
40.197336
55.630648
41.799707
51.717110
64.549411
64.629241
62.925383
65.143034
57.407788
56.734855
59.604442
63.595569
57.568131
62.022136
56.485926
54.382747
58.077223
57.549027
61.313128
62.312800
62.815581
64.195552
63.796631
63.486811
63.589704
52.694615
53.515047
59.584651
57.500312
45.923437
47.779555
57.914722
53.089914
58.795560
65.176971
56.364613
50.066772
44.070818
44.133584
40.938665
46.012045
57.391740
64.561461
58.051164
63.356320
62.227369
61.935632
62.332134
52.238506
51.353177
58.378941
62.712233
60.198034
63.358728
56.882634
65.325106
64.641908
55.725300
64.286356
58.117050
54.980720
58.154168
59.430301
