-0.707973
-1.000620
0.298552
-1.326114
-1.271501
0.813692
0.204354
0.014512
0.604001
-0.374393
0.909849
-0.100329
-1.958009
-0.249294
-0.455613
-0.096326
1.196853
0.133885
-0.062127
1.357526
0.906918
0.849694
0.798208
0.757535
1.063796
1.050665
0.293994
-0.732957
0.528048
0.034409
1.432885
-0.050624
0.609431
-0.944226
0.608845
-1.489799
-0.267347
-0.662813
-0.988972
-0.147780
-0.102799
-0.221833
-0.818777
0.177334
0.854543
0.218356
-0.303666
0.626589
-0.494615
-0.239015
0.722982
1.041798
1.375403
1.124085
0.932251
0.194896
1.142280
0.099480
-1.372582
1.256589
0.418431
0.622276
-0.397209
1.333116
-0.117973
0.662127
1.299471
0.358201
0.087474
-0.856754
-0.573229
-0.200029
-0.233183
-0.277024
-0.641955
-0.518120
-1.039648
-1.577310
-1.588831
-0.851460
-0.548625
0.248390
-1.479526
-0.584383
0.537210
0.310984
-0.345443
-0.561008
-0.812154
-0.324179
0.244211
-0.143991
0.774447
0.293640
-0.538908
1.098255
0.220163
-0.886801
0.391468
-0.819662
-0.313427
-1.114541
-0.272373
-1.234832
0.043530
-0.746772
0.956207
0.330697
0.211029
-0.706663
-0.375639
0.215895
-0.619870
0.140474
-1.033493
-0.615335
0.625309
-1.647790
-0.887473
1.145500
-0.080870
-1.120791
-1.080716
-0.949915
-0.274790
-0.378341
-0.301324
-0.424819
-1.119331
-0.795811
-1.601307
-0.192989
-0.454258
-0.118999
0.430862
0.851477
0.148373
-0.154592
-1.209760
0.409164
-0.688565
0.104368
-0.024365
0.264055
0.528647
0.001975
-0.029363
-1.247612
-1.601329
-0.214602
-1.630724
-0.623630
0.163856
-0.155708
-0.411963
-1.373230
-1.153462
-1.034599
-0.450716
-0.534349
-0.866458
-0.141919
-0.280120
0.310131
-0.289410
-0.282733
0.537325
-0.244530
0.018622
-0.289219
0.581034
0.229562
1.080093
0.459079
0.550833
0.030332
0.564839
0.610836
-0.089100
0.866732
-0.057842
-1.362624
-0.324801
0.097829
0.231898
-0.599867
-0.057444
-0.047821
-0.121257
0.232761
-0.366683
0.022696
-0.220736
0.266945
0.824256
1.723215
0.641218
0.470132
1.296016
-0.023312
-0.447755
0.457744
-0.439905
-0.167539
0.612141
0.706495
-0.136113
-0.352288
-0.644515
0.377081
0.825518
-0.446347
-1.193678
0.162494
-0.708043
1.070139
1.492164
0.415374
0.840686
0.780829
1.192690
1.090740
1.197985
-0.184694
-0.643189
0.382334
0.592429
-0.243273
0.381727
0.647974
-0.675473
0.622363
0.954310
-0.155108
0.329442
1.025231
-0.764757
0.482641
0.234856
0.025749
0.243868
0.865833
0.370746
-0.180383
0.268807
0.285828
0.625229
1.417909
0.635406
0.323033
-0.618409
-0.332114
0.296679
-0.026103
2.341274
1.277916
1.407220
0.660635
1.406748
1.291830
1.377900
1.579882
0.695900
2.578050
0.416641
-0.650266
-0.634864
-0.287228
0.343166
1.179981
-0.866324
-0.977436
-0.759772
-1.460879
-1.173907
-1.134535
-2.531116
-1.620882
-1.466886
0.650375
-0.836379
-2.547764
-1.681958
-0.665740
-0.461588
-1.099768
-0.366077
-1.061906
-0.331582
0.646723
-0.043621
1.078070
-0.542458
0.058358
-0.500821
-0.177054
-0.560122
0.026700
0.156940
-0.030597
-0.196844
-0.708359
-0.323417
0.309684
-0.012446
0.164599
0.176306
-1.608059
-0.306291
0.196127
-0.217302
0.855265
1.910313
2.014034
0.661189
0.813275
-0.022532
0.088035
-0.784249
0.225682
0.243967
0.565806
1.513608
0.965259
-0.468918
-0.570393
-1.111620
-0.633033
-0.309511
0.226211
0.443821
1.430697
0.138430
0.346368
0.799196
0.140032
1.263348
0.652093
0.502645
-0.526763
0.399738
0.244215
0.592976
-0.837677
-0.162600
1.054288
0.323626
0.883460
0.078660
0.321781
0.306764
-0.870685
-0.766038
-0.730880
-2.334019
-2.118217
-1.844898
-1.829609
-1.080479
-0.845185
-1.348098
-0.355604
-1.346894
-0.436289
-0.953601
-0.315107
0.349443
0.086957
-0.658404
0.189821
-1.319164
-1.234430
-0.305123
-1.403532
0.366749
0.693204
0.335328
2.009754
-0.369059
1.145136
0.761540
-0.713679
0.035203
0.147595
0.233620
-0.392766
-1.768204
-0.904102
-0.995201
-1.074457
0.060660
1.016245
2.521075
-0.019545
-0.686264
0.129050
0.207869
-0.088432
0.977896
