0.653202
-2.161200
-0.536081
-0.832127
4.341375
7.047393
6.832746
8.263113
2.298747
-9.063197
-3.692977
1.630248
6.092083
6.105856
8.057072
2.921021
0.330456
1.730722
-0.865428
-3.121942
-2.594176
-3.909709
3.982641
7.341057
6.921296
8.620473
1.466278
0.182668
5.361401
8.189687
6.617034
7.293179
7.796955
8.841986
8.504952
7.388309
8.826801
7.122466
6.239147
1.258332
1.998790
4.622383
1.238438
8.894762
8.395800
4.556936
6.728932
4.040374
0.746173
8.414207
6.281311
4.139889
1.555739
1.465499
8.166718
7.970268
-6.995210
-5.376989
-6.872400
-5.444169
-1.392906
-2.555822
6.722763
4.904330
8.186656
8.730708
6.111014
7.808498
8.311117
5.289441
5.770391
6.677061
4.310012
3.099825
5.683101
4.150714
6.121486
-5.435956
-4.827501
-6.441987
-0.515575
-2.991983
-5.784977
-3.412128
-5.259058
-5.207730
-0.645086
6.218405
-3.059082
1.450883
-0.145661
6.148412
6.667985
7.510316
7.776398
7.580974
6.478434
5.477563
-1.404843
7.189350
0.282290
-9.068525
-8.909151
5.542538
6.698695
6.927910
4.069976
7.553897
-3.150344
-8.737070
-7.452907
0.504857
-8.064297
-3.170796
-3.970980
-9.831924
-8.722473
1.781421
5.094493
7.504860
2.168550
2.978350
0.020959
8.651719
5.117907
0.845013
-4.098769
1.165153
-5.246257
-2.593702
0.566530
-3.211347
-8.982598
-7.567294
-9.299773
-2.495001
2.458027
-4.810691
-1.088548
-2.115974
0.632978
-0.832456
-2.547180
-1.775447
-0.157239
-5.075393
-7.672885
-9.000840
2.177737
5.219897
-3.188104
-1.900813
4.057592
4.835206
8.303076
-0.661659
-4.161252
-8.632280
8.138788
8.473595
8.431207
-0.535769
-7.204549
-5.739523
-6.925930
-9.232830
-8.936915
-4.596095
0.507560
-5.528726
-5.777089
-8.505346
-0.586070
3.098466
-1.710674
8.247545
2.194667
4.704993
5.346207
2.346800
-1.269540
-2.408372
-8.393330
-0.919223
-3.062379
-6.066266
-8.029409
-9.117472
-0.294594
5.309256
2.323361
2.746952
3.939512
6.346342
8.755429
3.394412
-7.549281
4.094478
5.685661
8.393915
7.916342
-0.452090
-8.510861
-6.679886
0.640862
-8.051793
-8.774768
0.022810
-5.295733
-6.629796
-7.339801
-0.064245
4.193679
8.150855
7.664641
2.364891
7.925839
6.070903
7.971825
-2.009987
0.393549
1.771482
-3.130899
1.669852
-7.879239
-5.767453
-5.917942
-7.374650
-8.218110
-8.467972
-6.517446
4.844717
4.551277
8.899992
7.642456
1.525828
0.549442
0.313660
-8.887405
-7.824972
-8.674116
-8.797119
-7.109467
3.494757
5.709735
6.132304
1.506718
-0.042637
2.796551
-5.754397
-8.023627
-3.294928
-4.685753
-8.008698
-6.301966
-6.255478
-8.667580
-4.418933
-0.881388
7.306549
4.871324
-8.522950
-8.062986
-8.848430
-9.179837
-8.725680
-8.592837
-8.725134
-8.724747
-8.692213
-8.120800
-7.491187
-8.083222
-8.524733
-7.103116
-8.845576
-8.553171
-8.543283
-7.952913
-0.275892
-0.134772
-0.322351
0.717331
4.872968
2.138026
1.367180
-4.654592
-3.025350
-4.842000
-6.181270
-3.848071
-0.194472
-5.199201
7.805815
-3.099840
8.362500
-5.447681
4.039112
-4.362229
-9.526757
-6.971088
-3.019730
-2.932380
2.108908
1.956343
0.527990
7.698950
4.273010
8.205291
7.201948
-5.801921
-4.723018
-1.562011
-4.883289
-3.641887
-3.028159
3.030179
-1.278465
0.723230
-3.891615
6.195536
7.263501
2.643172
6.546365
-6.803539
-8.982963
-8.015991
-5.331570
5.114925
5.199632
4.082366
4.640321
8.119270
-4.970159
-2.287521
-8.929960
-5.733399
-9.609241
-3.125214
-0.435861
5.320962
3.076689
4.907868
-7.779164
6.785667
3.801024
-0.697524
-6.035928
-4.591415
7.482426
5.305363
2.814414
7.624966
7.266403
8.007398
9.128103
8.307325
8.066888
-6.333355
-8.359637
-4.652100
-2.852066
-7.012562
8.885192
7.420110
1.058118
0.216766
1.641056
-6.127271
1.978244
-8.098068
1.995811
4.341778
-8.375262
-4.724580
0.430372
0.818803
-6.066628
-1.537006
-6.871918
-7.574441
-8.368584
-8.768557
-7.960612
-8.089386
-8.420802
-8.311839
-7.410014
-7.726883
-7.888418
-7.844188
-8.147707
-7.355775
-7.619447
-7.071113
-7.511519
-8.479527
-7.828694
-7.572873
-8.202545
-8.102549
-7.419185
-7.140013
-7.757186
-7.591220
-7.289958
-7.384375
-6.687224
-8.014862
-7.700389
-7.189044
-7.145186
-6.576533
-6.132746
-6.072194
-5.534271
-5.361502
-5.578008
-6.243190
-5.493021
-6.826230
-6.160254
-7.916882
-7.809287
-7.094056
-6.900423
-7.428222
-6.546735
-6.542286
-7.546295
-7.873995
-6.450667
-5.729563
-9.163017
-9.738015
-9.839342
4.418513
-0.363136
8.067021
9.281343
5.939436
-4.020360
-2.445448
6.462156
1.917890
7.191668
7.517214
4.633016
4.302438
7.604797
8.919819
3.688449
-4.773385
3.938740
2.179827
-3.354692
-7.969657
-6.589686
-4.864447
-4.632189
0.266141
-2.866571
-3.733872
-8.595446
-4.143501
-2.103265
-7.141170
-8.212800
-6.435477
-6.298937
-6.210764
5.056895
8.876180
-7.491271
9.397133
3.223073
8.615967
-0.366985
-2.759733
-7.389253
-7.299969
-8.260405
-3.759277
-7.929230
-9.425733
7.312378
-6.089537
9.574297
2.006171
5.546884
4.833612
9.351350
8.424339
1.016337
-5.082816
-2.909918
-5.133403
9.029426
9.362552
-6.986429
1.531003
-6.523479
-4.339157
1.797177
4.484900
0.749359
5.510956
8.084368
3.053351
4.483614
4.785843
5.573187
-2.992748
4.280126
2.148532
-0.122218
5.855557
-8.300170
-3.785880
4.071546
6.388764
-0.439952
1.465509
3.196645
5.417848
-6.080553
-9.153805
-8.695343
-6.704759
0.656670
-0.714200
5.736721
-1.849412
4.149609
1.232888
-2.334609
2.271525
5.446788
5.764345
6.039861
3.898851
1.413135
5.868331
8.921950
7.406622
8.146911
7.672541
8.925407
9.556861
6.896708
-1.014664
6.439707
-3.083168
-9.633518
-4.030922
-5.518945
-8.554453
-4.183451
-9.437775
-8.755471
-7.220042
-2.129650
-7.632045
-0.284630
-7.469408
-2.811711
-9.986783
-4.633690
-9.627201
-2.594913
-7.296648
-4.430263
-9.027744
-8.703987
0.351738
7.249256
8.773395
5.586877
7.550708
6.404113
6.496341
1.523170
8.594423
7.939558
5.707108
8.163720
7.565879
7.189056
8.162064
9.017475
8.234226
9.822535
9.343976
-0.529890
1.321821
-0.397884
-4.374251
1.469564
9.166825
-8.308606
-4.852350
-8.991798
-8.290058
3.120173
-4.738682
-6.801434
-7.652865
-2.921822
8.136337
4.804456
7.966364
-4.156046
-4.544646
-1.603749
8.460978
0.144635
3.313838
9.144870
-1.707487
3.248065
5.343253
5.162527
7.229935
6.621464
8.178400
8.614539
5.184270
6.553044
3.413200
3.192828
9.833089
5.418818
3.635408
3.407447
2.524717
3.455690
4.412391
4.411643
1.048713
-0.769967
-7.648559
-4.378818
-2.738186
-1.078032
2.974561
1.341652
4.516177
4.260224
-7.371214
-3.303375
-7.734364
-8.780182
-7.980032
-5.246732
-7.970825
-5.270037
-8.119460
-8.969671
-4.483373
-5.224167
-8.207264
-0.319506
0.794814
-9.044281
-8.852268
-8.834374
-2.182219
2.358783
6.420087
5.243039
5.000459
-6.984598
-8.498229
-7.922821
8.328444
8.622869
8.012464
5.962681
6.921205
-5.727063
6.672131
-1.593414
-7.251405
-8.597255
0.319517
8.311840
5.020233
7.794293
8.016786
5.153795
1.557042
8.687361
-9.183496
-4.362018
-7.357282
-7.065766
-8.102822
-3.426181
-5.461412
-1.822819
-8.104888
2.310502
4.699918
9.203747
-0.479086
-9.025315
5.767313
7.360032
6.082235
-5.172972
-8.734399
-0.905504
7.932578
7.040081
-7.123116
-3.783758
-0.338873
5.608656
3.085367
-8.101860
4.736016
5.511813
5.881054
4.637300
-7.121207
7.766554
8.674207
8.094030
8.573140
9.267925
8.121307
-3.426159
8.791809
6.612166
-0.231539
1.168109
-5.667869
-7.369813
2.273209
-1.915689
2.338525
4.052125
7.526156
9.245965
-4.398275
-7.759884
-5.422901
-6.077634
-5.163294
-4.483278
-6.347107
-2.040440
-7.691343
-8.134407
-7.506440
-3.540667
-6.471368
-8.765934
-8.921688
-8.928894
-5.636521
-8.493023
-1.524960
8.032309
8.533821
0.051878
-8.985606
-5.080649
-4.831055
0.787869
-4.250514
-5.658273
-8.476898
-0.495056
5.311344
1.641581
-7.730673
-3.313946
-2.969756
-8.567218
3.606688
3.791245
6.685698
-7.114646
0.686552
-1.751498
-6.564525
-8.687773
3.642315
-4.132919
7.202606
4.543084
-5.003984
7.180715
-6.174332
-5.115089
-3.075741
-7.094817
-6.578199
-7.450425
3.049941
-8.322752
-8.683126
-8.591461
-7.613193
-8.958140
-8.508846
-5.153055
-4.003938
-4.363945
-4.392953
-1.102839
-2.235493
-2.398385
-2.223792
-6.809323
-6.277451
-2.917692
-4.271030
-1.688557
-2.656424
-5.645775
-5.813448
-2.209911
-5.543049
-8.803502
-7.928154
-9.141774
-7.779074
-1.847618
-7.651413
-6.772969
-7.775440
-7.283685
-2.042366
-7.209805
-7.524468
-8.507618
-3.615079
-6.571750
-6.181242
2.454732
7.433865
-8.106114
-0.999464
-1.204313
0.373636
8.817225
4.810517
1.925228
5.759338
4.394425
5.617686
8.315137
4.744206
4.228612
5.274631
2.483007
6.217679
3.537896
1.613270
0.005243
-0.391238
0.129725
-0.856341
0.459281
-1.145499
-0.054173
-1.462371
-0.469486
-0.771647
-0.596920
-2.641913
8.061933
2.825890
7.637724
5.099586
5.649240
4.437327
4.518824
-1.825690
-8.630208
-6.896521
-8.069349
-6.995419
-1.839132
-3.707107
-1.500997
-8.165490
-4.571286
-8.807641
6.794549
-6.704296
-6.146551
-8.627798
-9.332265
-8.501703
-4.224580
-4.453566
