-3.948141
-9.815773
-11.146090
2.016969
4.450919
7.438988
-1.026109
-12.197806
1.432629
-5.547209
-5.058427
-5.617484
-6.104785
0.069368
12.038327
5.864703
3.043598
-2.736483
6.617162
4.940160
-6.688816
-6.911639
-9.393147
-0.632417
10.572017
4.235035
9.890173
7.631874
8.898693
12.965599
10.060556
11.029484
12.681797
11.373441
12.551557
10.529499
7.208001
9.804606
10.400460
1.402620
12.073907
11.468117
10.795995
9.501857
11.913385
-3.285771
0.416799
11.220062
6.530097
4.457822
-10.461100
-9.305797
-7.292111
0.675019
8.183139
5.113828
3.324815
5.126867
-2.070708
-11.693529
-9.405527
-2.770976
-12.907166
-4.167400
12.584191
12.892081
-3.253024
8.559131
8.775159
4.921772
7.561577
9.606176
7.705259
10.322986
10.739437
9.426020
8.460864
6.859308
-6.179850
7.666176
2.095318
3.503966
8.186191
10.962753
3.086748
-3.866250
-6.923917
6.654615
1.597997
-8.930967
-7.109587
-10.235220
-7.540756
6.485590
8.523604
-9.229269
1.696487
-2.373442
-3.479438
-3.007323
-10.894456
-10.315933
-11.740273
-8.892684
-8.034875
-6.121393
2.672377
-4.252808
-8.048280
-11.348513
-12.134965
-6.382999
-8.375518
-8.204953
-9.562909
-11.692847
-0.523876
0.296663
-6.709709
-11.380521
9.017147
12.492357
8.171938
2.129392
-9.636187
-2.778025
0.330026
3.735260
-1.704202
6.724433
4.588938
2.296593
5.317855
12.768346
6.202850
-12.160874
-4.770422
-5.755230
4.915025
-0.053053
-5.234966
2.057069
4.052191
2.067664
10.473071
11.306288
10.108839
13.640960
9.661300
5.074852
10.866503
-1.236872
9.893061
9.256165
11.075688
12.504601
8.980765
-6.059054
4.796784
-6.885105
6.649207
-1.052022
-2.630962
4.200312
8.026763
-1.308131
-4.909880
-8.830202
-2.916825
4.378684
10.698016
10.627971
11.620415
9.964034
8.719714
4.921507
12.228067
12.581673
4.453356
3.283260
-12.788725
-4.548835
-1.243832
-7.995047
-9.942012
-9.102936
-5.667259
-8.390478
-12.296955
-7.143032
0.583179
5.408387
6.735181
-7.224192
-9.745940
-8.193570
-8.419652
-6.603851
1.657888
6.455800
2.548623
-1.128761
-5.884462
-9.766209
-12.227074
3.088085
6.651229
0.507025
8.917237
12.229926
12.318297
8.741444
9.460330
-8.317859
-12.991891
-4.387943
-10.501028
-11.566471
-12.805058
-8.558644
-6.895265
-4.945808
-10.842148
-12.754880
-1.284156
-1.671374
-13.070098
-7.741868
-8.249063
-8.006464
-6.625896
-10.052458
-11.028689
-2.293012
-8.389286
-2.943994
4.579058
10.168403
13.171556
12.522021
12.912034
8.888352
4.235315
3.031932
7.231500
8.057343
4.647888
9.998184
9.168884
11.686083
3.820876
11.459331
8.052513
2.055900
3.758821
2.837794
5.531724
2.152254
-2.738547
5.332862
8.493760
10.533995
8.320622
5.388310
3.547710
-9.202657
-0.750056
-0.027278
9.145375
6.169044
7.347068
5.248592
-4.359632
-0.920377
-11.567593
-11.943162
4.762686
5.651544
13.218690
10.589115
12.740136
9.273815
4.450895
-0.178650
3.021524
-0.294965
0.571230
-1.305808
-2.256633
-4.423267
1.172133
3.481986
-4.083566
4.929882
4.669283
12.565311
-2.138928
11.612817
10.286621
10.810179
7.382421
-7.162274
-8.113537
7.076012
9.207235
4.392405
-2.265940
6.438012
10.894103
8.269901
5.806974
-9.319196
-0.537352
-7.247521
4.497276
2.060577
-2.442870
-9.276698
-7.388872
-4.374243
1.764243
-12.276587
-6.156528
-10.672961
-5.518239
-8.294532
-0.564838
-6.386998
-9.240018
-13.018122
-1.210387
-5.971156
4.527198
2.624601
11.747807
13.128999
11.547919
8.324048
13.527162
9.527143
11.994319
9.852218
10.656618
1.092360
-1.136935
3.558824
-4.074514
-4.509485
-4.250125
6.153312
10.859010
13.005554
9.397598
7.986358
11.523305
12.006356
10.425920
11.254827
3.723694
8.939003
3.606830
10.031905
6.543930
2.889871
12.782382
-2.349029
0.101974
-11.307011
-9.296890
-4.999214
5.390718
8.470483
-1.748784
6.138207
-0.776453
5.525859
-0.193546
3.226643
0.530871
8.296954
5.581002
5.149088
11.991716
10.183254
7.211410
7.800180
0.175467
3.760443
9.052292
2.716481
10.934196
-2.417285
7.881059
9.424002
-12.731175
-11.487658
-3.329976
4.014146
10.043459
